1.673774041071368179e+00 5.245471766195928254e-01 5.067375963342659606e-01 5.147282584445546094e-01 7.613461950630011632e-01
1.605171198635012342e+00 9.999681126643046314e-01 1.020946030517780878e+00 1.052460818668346176e+00 1.062459904154287038e+00
1.644266329192592746e+00 9.847497359141323958e-01 7.663453781910840590e-01 1.114611298079938084e+00 1.331168582773039510e+00
1.094052111748194722e+00 9.187808960146582882e-01 1.083999571630147374e+00 1.108173322397424609e+00 1.352384236109701598e+00
8.448307215158306072e-01 8.953112662362456842e-01 8.558783698106864346e-01 8.514848877745894162e-01 6.742374787542418924e-01
1.534848983485970209e+00 8.675729823121195450e-01 8.999735975646443453e-01 1.063958666159992017e+00 1.293777226925433510e+00
1.232158808447146869e+00 8.613324743458928845e-01 8.506807256682538121e-01 8.863575655289805955e-01 9.567080591659902211e-01
1.453427984876002332e+00 1.067045388008809104e+00 1.021797959835025971e+00 9.396572922821498919e-01 1.273025933280008015e+00
1.287353396112322246e+00 7.959917849533433287e-01 6.960454394020690883e-01 8.270507665413385778e-01 9.856156187788990275e-01
nan 4.585086736707047472e-01 4.567778676152556283e-01 4.339013693464214838e-01 5.981986301043701326e-01
1.302412693384705999e+00 1.051354137010184875e+00 1.095039930999845312e+00 8.682024725898390694e-01 8.691143634683855534e-01
1.385568663056553573e+00 4.574155033465755471e-01 4.410453597700542128e-01 5.759318543613238806e-01 8.993500210731723010e-01
1.147812068200643187e+00 6.006729033245342686e-01 5.985096191797911747e-01 6.307586821329216331e-01 8.432189096433791997e-01
1.456948710166853678e+00 7.099242007858136416e-01 6.924791877532815443e-01 7.704890179018443197e-01 9.249964557557609490e-01
2.000000478217733857e+00 6.936433337118986797e-01 6.269257674123436264e-01 7.134349976438424390e-01 9.294470148479673233e-01
nan 4.601941578328576088e-01 3.360898660762361434e-01 4.875783055567050051e-01 7.995978812937568625e-01
1.109686793881802025e+00 8.085786679672452015e-01 7.978046267037741668e-01 8.747636904712756678e-01 8.489975273560347313e-01
1.244066625857467523e+00 6.578322819262258925e-01 6.912392872688793988e-01 7.299411507699102852e-01 1.090781586841062190e+00
nan 6.733751358587894975e-01 6.824810573381180356e-01 6.360059131199724547e-01 8.629394538567772832e-01
1.271285139745520709e+00 7.149745471776215444e-01 5.976692373833931704e-01 7.049645219878855062e-01 8.171212683021034096e-01
1.135640569846091852e+00 7.441590710037442324e-01 7.109679962218033999e-01 6.897400358372207663e-01 9.670542591352764283e-01
1.452090464386278423e+00 1.063234644789885719e+00 1.050775758414671079e+00 1.054092290872736370e+00 9.353751954616441600e-01
1.136378618851598299e+00 8.575623084376196026e-01 7.266209857958895180e-01 6.213778288953353268e-01 8.785743734683789663e-01
1.456408799659073328e+00 9.274548958088464357e-01 9.384969491930057472e-01 9.447682532098350405e-01 7.304404143505954794e-01
1.068085860859588898e+00 7.833304716962941061e-01 7.302901052406954863e-01 8.332337290500084759e-01 1.099513642258999502e+00
1.069416704760436820e+00 8.304245155314323723e-01 9.244203393446437378e-01 1.001071489536440318e+00 1.252867795469980283e+00
nan 7.854536958457849494e-01 8.188785688839608223e-01 8.164748583451745256e-01 9.940275482037064236e-01
1.390054470167082945e+00 6.686747985647383263e-01 6.785559499348832180e-01 7.260731919641736365e-01 nan
nan 9.116183417651353427e-01 9.330272393327398994e-01 9.595463162044057803e-01 1.190189402356937487e+00
1.316953603462770905e+00 6.422507456499306766e-01 6.578678928831265260e-01 7.260377789152033801e-01 1.257693552398759351e+00
1.119196914026852285e+00 7.256848209446247200e-01 6.913370102000812034e-01 6.515847094419410235e-01 9.405573306655218291e-01
9.347770769317712558e-01 9.635722025725090845e-01 8.474331758371211887e-01 7.944260570261423293e-01 6.191161935670015382e-01
1.271961119667005313e+00 9.042970450314982145e-01 7.783243555750107845e-01 7.147794568383537550e-01 1.023922513321958050e+00
nan 7.964075766307847637e-01 8.233404921641722662e-01 8.055968599791470952e-01 8.829036468765166790e-01
1.314895390223608018e+00 7.508693254563593156e-01 8.293313035964626767e-01 8.315047012941746418e-01 8.480468826907092694e-01
1.228880696843160036e+00 7.145152872625816221e-01 7.568906773885262229e-01 7.750412822217845887e-01 1.015164585582855494e+00
1.604738991398942716e+00 9.151988838949555172e-01 8.990630555713864380e-01 8.172911589923782527e-01 1.016395178836596580e+00
1.093500210609520407e+00 1.046630149601441184e+00 1.104556779438654601e+00 1.219698227504033561e+00 9.517473633092110585e-01
nan 8.060341100876344811e-01 8.924119997378505698e-01 9.134471010717867268e-01 8.590350188865085723e-01
1.188593672403178925e+00 6.710029267955872623e-01 5.281194890526705876e-01 5.715738659574449709e-01 7.348402116982581944e-01
1.566985902498864158e+00 7.969788945477488395e-01 9.060853764301303181e-01 8.935484065994376834e-01 nan
1.313501529436435611e+00 7.790064882301994675e-01 7.889420520120650204e-01 7.738952872004686290e-01 9.340528801213695553e-01
1.261947635378958044e+00 7.816568547998639094e-01 8.125636275189751512e-01 7.657903816907323247e-01 9.591958510845013386e-01
1.964064102843448234e+00 1.472491513559561538e+00 1.288231542530497986e+00 8.715608191282896433e-01 7.747572726898457329e-01
1.411217083331760991e+00 6.950241610789518187e-01 4.541265600857489204e-01 4.784796891245855499e-01 9.203611122969823644e-01
1.512226323247694015e+00 7.837952112278113725e-01 7.958880093729742145e-01 9.144247832250096408e-01 7.890713540687037675e-01
8.461514618078298522e-01 6.066885233373835451e-01 6.570027212954644424e-01 7.174456346692397180e-01 9.676544906326689510e-01
1.052749185479257665e+00 8.587124457079563511e-01 9.293437691816505142e-01 1.024019085220165159e+00 8.885527705854371350e-01
1.259514932143553922e+00 7.362062335289346615e-01 7.040213452223887947e-01 8.086953023479354075e-01 1.053596539077381156e+00
1.387498009757160977e+00 1.081970406363282455e+00 8.353392781938212552e-01 8.396450123617742456e-01 1.014957568855590520e+00
1.443099076517373458e+00 5.175263913421855877e-01 5.258665968680935610e-01 5.281656358877254709e-01 7.557226833775642083e-01
9.436075711023520496e-01 1.291023522370440935e+00 1.149515487213677689e+00 1.086207357107174865e+00 9.731739622213007035e-01
1.267514601263440177e+00 6.615746200731926763e-01 7.636865749416312799e-01 8.289847598208578416e-01 1.101158157172860586e+00
1.734633101868241711e+00 7.448666461317856591e-01 8.637872451763123349e-01 7.566152847434938211e-01 7.334694082580909269e-01
1.225327899536233112e+00 5.723733982216707705e-01 4.284508852527112999e-01 4.847022623153031118e-01 6.806515499354846011e-01
1.358062136170607559e+00 1.032572312834985295e+00 1.199314114461283998e+00 8.650034705438446325e-01 9.575089352050240032e-01
2.623197726084805392e+00 1.508825915393952499e+00 1.613720484713238701e+00 1.259895090089476533e+00 1.295450798310793017e+00
1.352963618440953697e+00 7.016099555886570194e-01 7.074662913127844899e-01 5.779438855399516850e-01 6.189433540254666299e-01
1.287958642247327701e+00 6.351037816138832559e-01 6.760315413473335644e-01 7.345768117720117285e-01 9.313885927109125662e-01
1.569190134947151982e+00 7.740090891055061428e-01 9.255243398778530972e-01 7.683839448845836140e-01 nan
1.180991148405300173e+00 9.753578528018223004e-01 1.011148911223189950e+00 9.171179854289537303e-01 1.001364587883302848e+00
1.051822653766925519e+00 5.669863097240247507e-01 5.855566048736892126e-01 6.059994367911233359e-01 nan
1.014262586695941604e+00 7.767361266736025893e-01 6.651133911811281108e-01 6.636511194652308099e-01 1.082450260529418840e+00
2.000000000002886580e+00 1.335815277200705697e+00 1.234865941463043182e+00 1.327970212163529284e+00 1.463519326473293303e+00
1.374935127724396189e+00 1.049820585433504982e+00 1.084776812655225742e+00 1.107804852085210845e+00 1.022103603966987517e+00
1.537500670931667424e+00 1.086377011076794963e+00 1.036775914903705686e+00 1.011306033563868612e+00 1.525212188283109338e+00
1.459437667384319237e+00 1.103371454253859296e+00 8.339427056200860999e-01 6.834021249267705489e-01 7.242087028597357090e-01
1.144006309428343915e+00 7.102504893534578034e-01 6.982251129087094776e-01 7.631368489897458751e-01 1.154158458384289210e+00
1.235630735568102434e+00 7.627288480693157346e-01 7.423218527943969969e-01 8.124435231629475451e-01 1.155621921345000969e+00
1.395656123443262064e+00 8.029436626155080914e-01 7.589873749578743833e-01 6.930552305524095846e-01 1.042681186319856845e+00
1.509403078444191637e+00 7.355456589377065146e-01 7.307289482319029306e-01 6.753395707415459359e-01 1.022544738514854501e+00
1.283125789766522251e+00 9.524436762125875200e-01 9.204110379135468367e-01 9.362583482623856312e-01 9.194075540240446154e-01
1.422776260944980331e+00 7.304871888463658758e-01 7.335141515282227465e-01 8.701431006400907053e-01 8.871446358399011078e-01
1.602458534667384304e+00 7.358509348506939718e-01 7.233748880140153936e-01 6.479833524757308005e-01 1.028729193037320577e+00
1.215011345734682946e+00 7.060471308871096863e-01 7.180832353625747899e-01 7.266469992975648218e-01 8.470236585995161160e-01
1.939860626637924357e+00 1.102707960156840805e+00 1.009457990843825481e+00 7.140730017407087571e-01 7.374175842177942419e-01
1.273515631934565517e+00 7.644986643485039979e-01 6.591182065431722137e-01 6.451489496866148476e-01 7.486246975954583549e-01
8.694434275275446655e-01 8.085621919280581160e-01 6.387982629187831662e-01 6.867420794234609938e-01 7.035040460033423759e-01
1.725486504475161276e+00 1.447521585064291960e+00 1.352642520217230304e+00 1.420565621257976252e+00 1.605127327311679730e+00
nan 1.059884344830815506e+00 1.397561131547835345e+00 1.042489520313999662e+00 7.536544005110786815e-01
1.221631159572493575e+00 6.089661646990749411e-01 6.799125469357814033e-01 5.155259236177101023e-01 1.049059848330744060e+00
1.381704189875613054e+00 8.328190661174722509e-01 7.509259539166668329e-01 7.290501096325493480e-01 7.625538314727290379e-01
nan 7.779982806001288775e-01 6.708056299566772518e-01 6.424366138014367955e-01 6.234847301551071919e-01
8.894738655240427283e-01 8.998862894775898624e-01 1.001098742506101313e+00 1.121303447986833346e+00 1.172675386710941403e+00
1.267515556131298071e+00 7.188720474461556265e-01 6.486753472850746993e-01 6.884633559390731516e-01 9.219079364771572971e-01
1.572216530689817704e+00 9.472402530727945802e-01 9.023216405666940609e-01 9.227796762546800480e-01 1.038482911935287190e+00
1.379230263443381510e+00 8.910871147824130922e-01 8.191701663474096895e-01 7.977278671956512524e-01 nan
1.446643027559814554e+00 1.184013818368362392e+00 1.157869956171009740e+00 1.384306493931273696e+00 8.978698890562616386e-01
1.403119201933048066e+00 1.401980090252811673e+00 1.401627093622270781e+00 1.366061509332725521e+00 9.462928773451561026e-01
9.723726711895658292e-01 1.075334053533977485e+00 8.994785964899831843e-01 8.664318611281566218e-01 1.108398363503857009e+00
1.289573391853380935e+00 8.826485426325098027e-01 8.026646166661325354e-01 7.643915982954431199e-01 6.960138535813247262e-01
1.225347656060326251e+00 4.271044759082721076e-01 4.035556609385140270e-01 3.666619958371491461e-01 7.117998444803621538e-01
1.261458728362014670e+00 8.210957673423413539e-01 6.826683402424503777e-01 6.694537224389300878e-01 7.494948969635372160e-01
1.162933432108780529e+00 9.736980229056094727e-01 1.014695010959789645e+00 8.550712168716958494e-01 1.066474985120704710e+00
