1.123336149962321159e-03 4.046297773534004993e-03 5.220780605306267301e-03 5.911618309246271380e-03 2.749016943254180018e-03
3.158050091631773703e-03 7.493275648706040903e-03 1.028665960100745742e-02 1.120074916808827016e-02 4.635809224031156757e-03
2.392183500352449994e-03 5.538070214970406899e-03 6.099359377784293809e-03 7.691296897113660512e-03 4.777903457286599223e-03
4.614621217684774894e-03 1.205344380240912575e-02 2.017843980427865697e-02 2.008645209831037837e-02 6.130326158741854041e-03
3.242226260533036079e-03 7.799872701505744348e-03 9.646190987640010372e-03 9.653781169693124303e-03 3.372899844642886398e-03
3.759510784329575441e-03 6.964598315576952386e-03 9.583930036207157985e-03 1.176724592327280279e-02 6.664288756938456341e-03
3.740989472915016295e-03 6.886123079486214556e-03 7.726886422123320323e-03 7.743079326067026612e-03 3.449248644520724796e-03
2.474982553144702054e-03 9.964144914124836022e-03 1.496395771349386464e-02 1.379616215795944657e-02 6.192324178027053087e-03
1.918930434066247253e-03 5.110257520704743206e-03 5.896837395583384017e-03 6.159942852224759360e-03 3.588344632077061953e-03
nan 5.195121135943367267e-03 9.680139241268606587e-03 9.493964635391073659e-03 9.083887563060603909e-03
3.991266497077526100e-03 6.842923204315416903e-03 1.060583129065423291e-02 1.006098470866808106e-02 5.938301562803379417e-03
2.567456723642959435e-03 3.676530693548993312e-03 4.759645361354804434e-03 6.226284817134938171e-03 3.187040489366879410e-03
1.601291818423881312e-03 3.972825349225062204e-03 5.066994311668369944e-03 7.216245911428019466e-03 3.339912066385064115e-03
3.262292161931704560e-03 4.841709525565224617e-03 5.758852185518803513e-03 7.380202388201806407e-03 2.682201689935010541e-03
2.874907462589558894e-04 4.711213726495378298e-03 5.959956417744230461e-03 6.862036216642547828e-03 3.348134613619407462e-03
nan 3.087519720353083547e-03 3.363046490869357492e-03 5.841292073391334341e-03 2.887108375488350691e-03
2.613134213399855542e-03 4.185161608355462970e-03 5.394242943313351524e-03 6.026018148907575679e-03 4.724915134231641098e-03
3.055168620232657367e-03 5.980732318612230237e-03 8.963976801671748318e-03 1.032806607877867142e-02 4.902185543437577800e-03
nan 7.377667211290102681e-03 8.487229489962427181e-03 8.277665041474389918e-03 3.986565315271840826e-03
2.740635096728325382e-03 5.625244295079308808e-03 6.977014815645886034e-03 7.841412949995425069e-03 4.859834777608306247e-03
3.405858088314810215e-03 6.927104652399371405e-03 1.021242854154238988e-02 1.144381427238870194e-02 5.412425008721678983e-03
3.575316468711778849e-03 7.608745251865437452e-03 9.146856455617800516e-03 9.515255780565928106e-03 3.758041562569981644e-03
2.938235393557556314e-03 8.298145987997119707e-03 8.634328839184458176e-03 8.597552830107248190e-03 3.796708922873555121e-03
3.849540290064770633e-03 7.044140438175128076e-03 9.185191718736567326e-03 1.008954526647985565e-02 5.204604834693183323e-03
1.937185383741843328e-03 6.996102709410726046e-03 7.037101331566928894e-03 8.442298704424824884e-03 3.808768291616360102e-03
3.651988515107079929e-03 6.603864622174464814e-03 1.083913422630285346e-02 1.241273211279617615e-02 7.339298743212512542e-03
nan 6.184298627562348841e-03 8.874703725698542336e-03 1.056837282854484854e-02 3.877061342452400861e-03
2.668297188578477516e-03 8.063841993554797874e-03 1.293924094978378403e-02 1.511129808255151120e-02 nan
nan 5.668118161123234314e-03 8.957562648795882113e-03 9.330786842908160572e-03 5.815785821240549054e-03
2.965712131769633088e-03 4.535094258680355712e-03 5.935178684187004949e-03 7.758993954156400211e-03 4.953614573366707692e-03
1.397418142098806127e-03 4.489977400005978024e-03 4.351258510034838357e-03 4.415324522963269896e-03 2.119413146208342421e-03
2.540794353401132875e-03 7.902332085719733154e-03 8.460712888283702243e-03 8.433988515037210698e-03 3.232803617200745178e-03
2.429704895109215460e-03 4.792906530489657833e-03 5.989900004062269009e-03 6.138708756521739883e-03 4.172654627649879586e-03
nan 4.465446059935760000e-03 6.750752469310821596e-03 8.007160450439691768e-03 3.178903006743397791e-03
2.390067251018733636e-03 8.301482139511592168e-03 1.257260755875203549e-02 1.360873790685795427e-02 5.307353711478638922e-03
2.327174092620604758e-03 5.538614683291054677e-03 8.117557451633760843e-03 9.611477015781752856e-03 3.516501367872329389e-03
2.451715088225578029e-03 6.161120642014667088e-03 7.785318389449983820e-03 8.302439288240356929e-03 3.815431297301121859e-03
2.551961474627168890e-03 7.918787078783445094e-03 9.135552631040086413e-03 8.956853696751384750e-03 3.151617405070907159e-03
nan 6.950870705140298200e-03 8.148841473964382048e-03 8.607240479521450702e-03 3.259456579123227657e-03
2.415741464552281954e-03 5.375975226681335012e-03 6.614303212821119431e-03 8.489960431547174252e-03 4.320170538464828194e-03
3.060357998103801960e-03 4.790452633023094611e-03 6.987346773066578816e-03 8.969875029142688680e-03 nan
2.937981393727365480e-03 7.296442259149860630e-03 1.107703948296790385e-02 1.142126759066669842e-02 6.414352712614268710e-03
3.223466467355491465e-03 8.316766944378524776e-03 1.007051656447670827e-02 1.033196428660928222e-02 4.073772691837514170e-03
2.786140047101928578e-03 8.832737321938965297e-03 1.064836025390140418e-02 8.511365330407949167e-03 3.546810755700136649e-03
3.593037771840683261e-03 5.056888872794216942e-03 6.158667220316878937e-03 6.935741084362917301e-03 5.452753682490751701e-03
1.533741791567534317e-03 3.564387314205426458e-03 5.931249745655387678e-03 5.986071055313960804e-03 3.743843731391436301e-03
1.107274254095051745e-03 5.219040698621965277e-03 7.864588007773176681e-03 8.665926348152100042e-03 3.939969020150813073e-03
2.369383390356478991e-03 6.320796161668558802e-03 1.030163868233470101e-02 1.275330329633518264e-02 5.099933157079168319e-03
2.864978533531652247e-03 4.756405765007237253e-03 5.780787552632542063e-03 7.139394957289405159e-03 3.237787801130395313e-03
3.279337856337135541e-03 5.626037220753708247e-03 7.139380257461921432e-03 7.651094440885183173e-03 5.236236810218198971e-03
2.120781172746615158e-03 4.278502278760874626e-03 6.390899028365457785e-03 7.423794082363035715e-03 3.109539593982732497e-03
8.626021007585316916e-04 5.344871421355172278e-03 5.951021772659071188e-03 6.221388104244043524e-03 3.514564296264056226e-03
2.029933863006435669e-03 4.688828035395212722e-03 6.348131698574640755e-03 7.360103514097666132e-03 3.466695237136431258e-03
1.805214437051539788e-03 4.375870701928465459e-03 6.165169108323320657e-03 5.902331503584507671e-03 3.368966746931520255e-03
1.456860603650348383e-03 4.553840164619300801e-03 5.206586408045069982e-03 6.496570326521543433e-03 3.230890773093748891e-03
3.783973623736181999e-03 6.922064611219177176e-03 1.066620509665219992e-02 1.094449190024916405e-02 7.028198236737758127e-03
4.467184653469992439e-03 7.789621012839576669e-03 1.280631841631500907e-02 1.173951452330126294e-02 8.820145596179163050e-03
2.535253730593320549e-03 5.162015713829772902e-03 6.286567855216690717e-03 6.502035546632482961e-03 3.853296106888302441e-03
2.836320078922293861e-03 4.622320080045836353e-03 7.890101386215098156e-03 1.007549923147687057e-02 4.235648463352680720e-03
2.793530064572095732e-03 5.990827637338114360e-03 9.038816717862788175e-03 1.118990567638699155e-02 nan
2.165536783175503206e-03 5.906730705333165798e-03 8.801921176558124768e-03 9.793558210997938690e-03 5.611572938968635918e-03
8.993150964420681221e-04 4.144229053403105864e-03 6.064566664968512946e-03 6.531696400513745462e-03 nan
1.808994840599588601e-03 4.576326607437625725e-03 5.545604937611726959e-03 5.790043746197139594e-03 4.480056046943895441e-03
8.757695423274145137e-05 8.469360692918063635e-03 1.183487675995827451e-02 1.322482354068989924e-02 6.083406570261310799e-03
2.379821468881265691e-03 6.669162067188132842e-03 8.450613300343814971e-03 9.686668125951050645e-03 3.549489996069717015e-03
2.319270594384068452e-03 4.750671858184612496e-03 5.423837650813749175e-03 5.421088853776845351e-03 2.838689567194909238e-03
3.706381256760231044e-03 5.788724159176303515e-03 7.502263833904019089e-03 7.849121509644617009e-03 4.179562601185325861e-03
1.859322649829233016e-03 5.231270184297724321e-03 7.769058711106698392e-03 8.859495094074432489e-03 3.973162614767654886e-03
3.123842690369800761e-03 6.383214214782237904e-03 8.200731035680183800e-03 9.634398948681432637e-03 5.085941195753197579e-03
2.306423068737092994e-03 6.177045464418979767e-03 9.256737469955750655e-03 1.056751649818348480e-02 4.623829544483282553e-03
1.668160929073827766e-03 4.246519599007824060e-03 5.955945259663909981e-03 6.025980475829319748e-03 3.230919286356772127e-03
2.750300735784212431e-03 4.293491741531141152e-03 6.603140620588425665e-03 6.963262693703045104e-03 2.750751455930941936e-03
2.955503320950427209e-03 5.183381521559846453e-03 6.799034643547864111e-03 8.566546924388941664e-03 3.622558267250528680e-03
2.123090110823045839e-03 4.352353691625330569e-03 5.829722350236966888e-03 6.203948817016061504e-03 4.271436468757796451e-03
2.007558253742687884e-03 3.939551897218377188e-03 5.729373182137172810e-03 6.291899180640964963e-03 2.127666281339606839e-03
2.109420684219213277e-03 5.068859252449541518e-03 6.347271368861464626e-03 5.693979654804827602e-03 1.797271816508150179e-03
2.690524642313586560e-03 4.231039708275474535e-03 6.638288410855655922e-03 7.537924221462643896e-03 4.057297869037650509e-03
3.379417272538934574e-03 7.017864191308544053e-03 6.902086527666991683e-03 7.945350749699523277e-03 4.655135688363220940e-03
4.465617289841797982e-03 1.628890160015088878e-02 1.741524442662295211e-02 1.812921757068825315e-02 6.735550226654738251e-03
nan 9.020335451581091082e-03 1.471918261939583923e-02 9.719082482261456879e-03 3.572265701129229143e-03
3.076670359827064945e-03 4.864042072716243462e-03 6.793868036241749835e-03 6.008648374154229414e-03 5.022303053097337822e-03
2.911899250024579510e-03 7.006045124911665888e-03 8.746267987460549370e-03 8.301659733775095668e-03 3.335855975884044131e-03
nan 6.186348620398518516e-03 7.475329800819522849e-03 8.310618504565733464e-03 4.242413146206987055e-03
3.868180110547693971e-03 8.088962824701822346e-03 1.071562291109176557e-02 1.177294400137851756e-02 6.715536148494845141e-03
2.293789352769258320e-03 4.947352396766109897e-03 6.232866765691155546e-03 7.412232044921067235e-03 3.478933680996188719e-03
1.996477071899208783e-03 5.171773043492699194e-03 5.238391289371300587e-03 5.839990731330745727e-03 2.625203520347074455e-03
2.206120651821743932e-03 7.330790218050224800e-03 8.657009421530380278e-03 8.889619431766354954e-03 nan
3.445472894247176947e-03 7.961696826822465406e-03 8.888186796619760785e-03 1.020710053982929431e-02 4.404193528219543449e-03
7.946312932777551893e-03 1.537191425797509309e-02 1.764776513504095340e-02 1.704299962054366818e-02 8.247226373858600190e-03
3.169247219016710186e-03 5.908068537886079254e-03 8.031380356156169950e-03 8.197759293085903412e-03 5.343539665887605920e-03
2.749350192657990487e-03 7.199196631912903668e-03 8.723352347857805250e-03 9.993207848874705382e-03 4.276983686446508837e-03
4.209084708679526610e-03 4.477751574555623865e-03 7.307991668965879879e-03 7.818345052485879340e-03 5.465554985821885134e-03
2.992226816560824339e-03 5.450867365696504194e-03 8.133378198947089840e-03 9.384925195503403955e-03 5.646423547853610808e-03
3.052107113367764479e-03 5.269299418464349835e-03 6.387151850149495706e-03 5.506212648588877830e-03 4.602952311425532496e-03
