6.246211602497506732e-01 3.028447198266795426e-01 2.435251371709141188e-01 2.204900867499643702e-01 3.140189121216463430e-01
1.182250713563332223e+00 2.222156281494852281e-01 1.712667259634451655e-01 1.318090253790667188e-01 6.215390220349142208e-02
4.772044280373337055e-01 3.242823428751608339e-01 2.909226146156892456e-01 2.065800749968405015e-01 4.402753107998707560e-01
2.770714057840344968e-01 3.487285891634189783e-01 3.101990206293647190e-01 2.830106364390206908e-01 1.912003239529662946e-01
7.329740691436034128e-01 2.783724689536365982e-01 2.283770102719466788e-01 2.015558282581220162e-01 4.225673755188599778e-01
2.241993956570180746e-01 1.577732957072594255e-01 1.213962589001080089e-01 1.077496526258152343e-01 1.461404947241319030e-01
7.111374686827751646e-01 3.820304422923578858e-01 3.318801656572352710e-01 3.072313667938604831e-01 7.830229839345478338e-01
8.238572030546053027e-01 4.315698343898518585e-01 3.770955143592186198e-01 3.883281730611278793e-01 3.016197484163495313e-01
1.856741218919808478e+00 5.303464710905997359e-01 4.699145329023118878e-01 3.836396149240172693e-01 8.129036081292838611e-01
nan 5.562687375748028851e-01 4.960885116588105159e-01 4.955798049402015404e-01 4.296279894561491064e-01
5.554185743575130729e-01 2.619669959479752341e-01 2.072972744572416648e-01 2.438655574066191378e-01 6.413437479159617149e-01
1.131086638589331228e+00 4.925776927202014654e-01 4.267267867923847935e-01 4.176491353356919789e-01 6.380996291667480058e-01
1.954338578673717297e+00 3.661441755686518085e-01 3.222401012842577295e-01 5.413059615329102181e-01 5.683234759419770743e-01
1.627594707292680631e+00 4.978553042560945885e-01 4.041492109090381035e-01 4.290490643880712218e-01 9.441635112248570882e-01
1.332560854315387067e+00 6.117641586951817478e-01 5.727730988367182308e-01 5.479713820751869191e-01 8.586283487389823055e-01
nan 9.174734473731028794e-01 8.312750400934667550e-01 7.562902789934969894e-01 7.502003710542353154e-01
7.088215620982820653e-01 2.676543245795147130e-01 2.064297608030475351e-01 1.979960898820800064e-01 4.412400734728084140e-01
1.524584129121943965e+00 3.445441349991628099e-01 3.053640784198762281e-01 2.526260387662451756e-01 7.013236306768813044e-01
nan 5.041978321963527243e-01 4.592963490972614693e-01 4.227892369392591276e-01 5.150322465861852939e-01
3.734507438393697698e-01 2.246512139694942234e-01 2.229186044809656764e-01 1.758316137324474060e-01 5.486888708161600237e-01
7.346918752334173908e-01 2.760184862093283953e-01 2.948378824907170737e-01 2.586847929793607004e-01 2.567060754749518892e-01
2.332721061380221561e-01 2.436496249493206867e-01 1.902372863403914705e-01 1.684974945655000056e-01 3.391172269690960750e-01
1.214138792818872270e+00 4.900337314388062415e-01 4.531540034911232806e-01 4.412764893079522133e-01 7.459549412616727215e-01
3.247921268894063407e-01 3.131611146276889746e-01 2.440999447988194682e-01 2.378421856640220156e-01 7.077769789163259606e-01
1.269642780931536930e+00 3.128295455529301328e-01 2.664559945680473052e-01 2.468357678798690780e-01 2.370379108810999058e-01
9.367889092480458091e-01 2.885978320517053053e-01 2.395441277861960205e-01 2.116223920015601889e-01 2.052064150472756032e-01
nan 5.511280848448498748e-01 4.222464267936198445e-01 4.271115119473650745e-01 5.726164494905042757e-01
1.233327031004663343e+00 6.168428094204433387e-01 5.651033316516700378e-01 5.782588949006682855e-01 nan
nan 6.932226602873901022e-01 6.017533019317889975e-01 6.461568236807513355e-01 9.834165491326378739e-01
8.843876269132717738e-01 2.568692530342389091e-01 2.105886915266796111e-01 1.649240504367268934e-01 2.355138249447136789e-01
1.696777802617965847e+00 5.492882614435810051e-01 4.410997195886233735e-01 4.690182509992748550e-01 5.980238640973620790e-01
7.061645826400828607e-01 1.932529956468920507e-01 2.094531736725661619e-01 1.904993672915883951e-01 4.245212547299699324e-01
1.648564761429444969e+00 5.590067662336453136e-01 4.844571895800202088e-01 4.033628012726904188e-01 5.036721602098463979e-01
nan 6.066481546508911693e-01 5.316662058937112745e-01 5.283923627141138279e-01 8.311543758314487995e-01
1.656137551607109515e+00 3.695770551615639721e-01 2.771532913295667311e-01 2.797779514823740543e-01 4.688593615954951832e-01
1.919269124519367375e+00 5.175808075677196252e-01 4.522310750207457763e-01 4.370007783751696517e-01 7.322595664870149568e-01
9.004695605839566630e-01 3.502628008457980835e-01 3.016457926622730934e-01 2.666418395659157503e-01 7.368565983825101640e-01
1.104663454022611013e+00 3.024609180642436335e-01 2.415239448313549198e-01 2.027870708672491751e-01 6.888119340713266814e-01
nan 4.351214087529533536e-01 3.207136102151670887e-01 3.042430037756116423e-01 4.109038664604280910e-01
1.654001422830214008e+00 3.863804343533795427e-01 3.961102508882526907e-01 3.987107230069157349e-01 4.926937852062356904e-01
1.454870698033815302e+00 5.695532940506062847e-01 4.890127254205818841e-01 4.927249513160268934e-01 nan
4.644655233643318337e-01 4.716253888406279904e-01 4.057518685666282598e-01 4.049818702254047165e-01 6.598612690334887398e-01
1.502423094064326836e+00 5.792792643911415240e-01 4.819555349439811343e-01 4.973394081242600850e-01 7.221659597398508712e-01
1.485714584100487901e-01 1.735683060282061929e-01 1.887530164792559362e-01 1.876368071578599639e-01 6.067480590741500812e-01
7.658677134431640665e-01 2.886309531969426523e-01 3.083581479183603591e-01 2.822423380531313697e-01 2.444998881083998155e-01
1.817587892674076278e-01 2.425202807827092910e-01 2.035294750675504249e-01 1.299331490011343404e-01 4.016688400293442207e-01
1.194683334561818855e+00 3.910896578547411462e-01 3.679359852390301500e-01 3.051278793145410506e-01 6.490304180144116364e-01
7.638291219238995122e-01 2.913365981410150907e-01 2.638108493254319176e-01 2.515518816313167538e-01 3.771764605341048071e-01
7.648718921203535581e-01 4.241631879729290122e-01 3.824806266963091117e-01 3.556305184786032747e-01 8.226511500166303614e-01
2.144462779732462021e+00 4.415199553688702871e-01 4.818539901889168919e-01 4.838457447803129474e-01 8.131797924164096969e-01
1.594145979357574738e+00 4.366967110572862465e-01 4.011081540727675088e-01 3.735402937215615005e-01 6.480599706544533101e-01
6.669781598541451029e-01 1.603455304559503192e-01 1.330656471181686229e-01 1.145918820886036582e-01 5.255996985496138585e-01
1.567242421797108154e+00 5.712649443182469255e-01 4.990772061052458075e-01 5.115518911906136168e-01 1.029704381931462631e+00
4.310625401019338998e-01 3.894674682000398014e-01 3.243734846125059801e-01 2.940439303846331676e-01 5.264704399334351193e-01
1.885169967323745865e+00 5.300466229267823959e-01 4.961924245736090699e-01 4.674655157852222187e-01 6.246971718132650064e-01
5.964978325041990770e-01 3.170154521091732014e-01 2.042423970649166476e-01 3.380376517639825940e-01 4.763548603964952166e-01
8.502499422394718676e-02 1.228213652399576666e-01 1.185532388979075730e-01 9.355031548284183096e-02 7.810489198959658097e-01
4.947568991045440678e-01 2.565601703191605631e-01 1.983995260273097583e-01 1.798717979119442145e-01 3.497236869842453300e-01
1.864030816285909609e+00 4.846920232847294896e-01 4.208166370109184262e-01 4.026220672025453973e-01 4.355902815902107927e-01
5.700892900499823224e-01 3.179799964583713834e-01 2.504501551754667599e-01 3.519844943310218577e-01 nan
7.606879947716678192e-01 2.111578831014387925e-01 1.753573472459845628e-01 1.901087438409747310e-01 2.294327769443437470e-01
1.640661071609410326e+00 8.488029763141227146e-01 8.446000129541167967e-01 7.062692039682291201e-01 nan
9.728092598884172659e-01 5.713249576645212935e-01 5.562470278456913553e-01 5.205085222113219334e-01 4.619447148591818153e-01
1.408257700370911802e+00 2.226897238909880394e-01 2.236520230458625969e-01 1.807249094827256541e-01 1.972161073052703106e-01
6.208520322323620722e-01 4.127105920205038636e-01 3.538383293820300812e-01 3.209155417516624254e-01 7.760837917448224488e-01
5.632588492357587517e-01 2.655366190256421843e-01 2.168692495207712179e-01 1.914322610588554963e-01 8.618192293872979637e-02
9.532742152370887734e-01 5.186694583142523740e-01 4.563430476204009545e-01 4.912198864666715292e-01 7.430894328849909636e-01
7.001991916828074203e-01 2.350747845126205382e-01 1.848836245758536390e-01 1.597588462995731540e-01 2.061703061820461258e-01
1.402569478457740271e+00 4.345764443279531708e-01 3.694599090808699526e-01 3.641911826677826092e-01 6.289289830871765963e-01
1.975130648096803387e+00 3.426498030542052819e-01 3.206907578555981408e-01 3.932598502587743017e-01 6.694766690654666563e-01
5.859769584555959421e-01 2.214619409817970286e-01 1.714315360417263956e-01 1.519960958354141800e-01 1.170482179573737874e-01
8.421954084968685805e-01 2.299007097755488838e-01 2.018107429753483173e-01 1.639291786533269568e-01 4.410232767627454420e-01
5.704336718676089601e-01 3.250586067183653394e-01 2.743466425847122525e-01 2.410170901115293862e-01 7.486425155402900433e-01
2.270788280508247770e+00 5.766839188707414410e-01 5.130199718712770141e-01 4.940714337020449265e-01 8.612311384875106501e-01
1.754318289382411855e+00 5.816057939865308946e-01 4.788604589564839920e-01 4.715292424941860960e-01 7.273428732352328341e-01
5.755978046759318012e-01 2.901730466893226446e-01 2.849606500673908527e-01 3.690365841939852731e-01 1.008670229149130959e+00
1.794256741250044751e+00 2.953720289457751336e-01 3.536057826697754924e-01 3.384373275644602663e-01 5.539984309936163420e-01
6.843397012194555318e-01 3.147761750211514054e-01 2.293727571657294406e-01 2.374318914745123799e-01 5.196127297241663889e-01
2.222497541145254940e-01 2.080016606897987785e-01 2.086803103878619448e-01 1.940179962546770276e-01 1.559993166691477917e-01
nan 2.429151170465341791e-01 1.675879081202599208e-01 1.647818853224519153e-01 5.544435999791494929e-01
1.296348718013169643e+00 4.041688337207476334e-01 3.532093420544339946e-01 2.915469893484540220e-01 2.547694431359529554e-01
8.070739114363899569e-01 4.328282918419033565e-01 4.022151750085436461e-01 3.370919615594680785e-01 6.536645438418535736e-01
nan 2.534107714510939191e-01 2.166379451489441055e-01 2.033509289213104587e-01 4.568464931187103395e-01
6.999689948754475033e-01 2.948159156836261952e-01 2.361599941980222495e-01 2.150287582613564508e-01 3.034306162442496624e-01
1.884685043592830622e+00 4.344829249694249218e-01 4.072712858842167383e-01 4.229696643743831586e-01 4.967187753955330520e-01
2.284947252402755424e+00 8.010741311586483393e-01 5.983129258773896009e-01 5.975038836929293939e-01 1.047667982793068164e+00
1.119968935118264675e+00 5.678079605756566339e-01 5.254128774270988567e-01 5.087452193150913127e-01 nan
7.191748856470057127e-01 1.822046303358846597e-01 1.520630341502869909e-01 1.176935310427289633e-01 4.876707974627510489e-01
8.453703276425489355e-01 2.218763300710978603e-01 1.999275421354244353e-01 1.837205958467283129e-01 4.603824280980239325e-01
7.536667509517951391e-01 2.527858485707462632e-01 2.622105989408304305e-01 2.144565163053755441e-01 2.111969664023198856e-01
8.783234915577691204e-01 4.749846931985574061e-01 4.547132514990499530e-01 4.428607788502554321e-01 7.369144920243277941e-01
8.329416822484387861e-01 6.887084336646035476e-01 5.783664920949379562e-01 5.471473432007150084e-01 7.323322212524024932e-01
1.673548119758950570e+00 4.224457795685665484e-01 4.513840818740850191e-01 4.628424216575420247e-01 5.387823047616333572e-01
1.250375419341810179e+00 3.007882345670314095e-01 2.266019286101974561e-01 1.927302851097281444e-01 2.293183736327797373e-01
