9.762275919026630611e-02 4.805287127489639432e-02 4.921882872595473996e-02 4.708050894870575986e-02 3.817408959360104465e-02
6.458317616992069743e-01 1.162956429869828195e-01 1.288668071125157466e-01 1.274664187479992716e-01 1.188850333166181494e-01
1.771986015696915273e-01 6.458261184371859309e-02 7.385753549795803785e-02 7.774334597364626620e-02 7.474101786109411949e-02
1.116297418704199490e-01 9.736508774871495409e-02 8.841840307180517944e-02 8.381575838414975776e-02 9.758385478021489035e-02
3.682815500524731778e-02 6.608751165696633012e-02 8.451984109746188412e-02 9.024339041227232017e-02 6.612277931543493470e-02
6.053788629144798289e-02 1.024221186575650228e-01 1.149602836907974712e-01 1.207706279978527364e-01 1.046136830858483691e-01
4.245966765230534123e-02 6.585317479112846872e-02 7.052456149382101136e-02 6.692840574632631656e-02 4.157369771663485536e-02
7.816316981946427184e-03 1.197501602210712668e-01 9.794779609093980099e-02 7.937366423195793552e-02 8.313796820288300859e-02
1.022683929047607217e-03 7.412302369315904027e-02 9.465575191814362688e-02 9.282710301133634268e-02 9.494451027516669084e-02
nan 4.999808632679361015e-02 5.389903277301157092e-02 5.333377885225708270e-02 6.946977468822676527e-02
7.179690417885066511e-02 9.067691972162333913e-02 1.064418855775705886e-01 1.111695050893533460e-01 7.212237635484319842e-02
8.019286145779114250e-01 7.782519451562908142e-02 9.820230955776006188e-02 8.567975399863984876e-02 7.437597830337878968e-02
1.005978161298956217e-03 1.325250451136771035e-01 1.655799096676729698e-01 1.421545557604058929e-01 2.196364303842523319e-02
4.488067020091558446e-01 9.313571342768790784e-02 1.096242831930697159e-01 1.119835971942208658e-01 3.576776891180931395e-02
4.952801645599740898e-01 7.359559082679287267e-02 8.829291775166019096e-02 8.959909683442832118e-02 8.487751672902632549e-02
nan 5.599762974398420773e-02 8.285472455681443249e-02 8.349077950459457553e-02 1.127443751138969968e-01
4.398204760059577084e-02 5.174970464328545322e-02 5.850775869464920620e-02 6.014086274321423647e-02 5.562615843195696519e-02
1.021531531730743118e-02 6.681805469875902459e-02 7.897379582850737323e-02 7.596137003598880943e-02 7.381836910179727373e-02
nan 5.909260109983509313e-02 7.645230298884204967e-02 7.550421780459423693e-02 4.470024261593592146e-02
7.340605057164058256e-02 7.899258554000833377e-02 1.006703749465722025e-01 1.052566166627198763e-01 6.475351386243566321e-02
6.293863741174607340e-02 1.098827455919580420e-01 1.043064639190939280e-01 9.643207115605739732e-02 6.812885793040415749e-02
3.983664856423865808e-02 4.857429362586452443e-02 5.520858749784948727e-02 5.460552661593853774e-02 5.602401349339337921e-02
4.286309490339346162e-02 6.479462786257066120e-02 6.559141668529294700e-02 7.052319345232319070e-02 5.531866732834762185e-02
4.561971065963770638e-02 4.459379246344875175e-02 5.423421317416761422e-02 5.812907147073655828e-02 4.920021772909777963e-02
3.893850268271625142e-02 6.007889380050449729e-02 7.468487456853933892e-02 7.830742000117890678e-02 7.816286286638543523e-02
1.136579776963692057e-02 8.883632548849375310e-02 9.580808788134517751e-02 9.821720823581887860e-02 7.593903229897489005e-02
nan 7.025244111657297230e-02 6.892726421989939234e-02 5.077630509161263489e-02 5.527363716712428016e-02
6.636794381356446726e-01 5.424521633706393814e-02 4.798648867504743537e-02 6.181577117976245345e-02 nan
nan 7.733848927582644139e-02 8.065609746139530689e-02 8.221454541793223048e-02 1.306139684384582944e-01
9.889532309618276687e-03 7.273455711764023612e-02 7.838295481756657468e-02 8.074023993800254206e-02 6.507509056318887264e-02
1.699515726488188584e-03 4.241458918190250255e-02 4.702228314068203352e-02 5.166360781261646745e-02 3.411506316410139322e-02
1.124241017690782440e-01 7.925662851320318392e-02 9.570258843583402675e-02 8.919423468269942201e-02 4.504667181468816756e-02
4.926732682226718334e-03 1.038239772979375197e-01 6.800603680642736126e-02 1.217700762897848538e-01 4.615414030907286080e-02
nan 1.414994753132504390e-01 1.668196399740092539e-01 1.675385820687565752e-01 7.749770403973026134e-02
7.747156817768512463e-03 2.958984333394639940e-02 3.909831452268727747e-02 4.130426117480592851e-02 4.046641533200664304e-02
2.182090376755470990e-02 7.081368140089906726e-02 7.980762874231626947e-02 7.460483411332785586e-02 5.957856815000354272e-02
2.143743777641238593e-02 5.332880111436767018e-02 5.580414662556568844e-02 5.517887564130116024e-02 3.006589689757814890e-02
1.033718098851320599e-01 9.542585120326330106e-02 1.115024307695695605e-01 1.173767644179082581e-01 8.015492358442553866e-02
nan 5.928112582510729894e-02 7.703809587389125191e-02 8.919848557041241965e-02 8.831394111187360063e-02
1.266559891405535584e-02 1.108779343127637568e-01 1.121560968677823844e-01 1.086822401088846785e-01 7.099033678054249286e-02
7.961652960608233132e-01 6.911341839705785473e-02 8.284769150019587192e-02 8.872017247757146841e-02 nan
1.266525365838216781e-02 5.132350529019476942e-02 5.694264381038349060e-02 6.081149046379375617e-02 5.578128897057545860e-02
1.788382134902531456e-03 8.513362944911304075e-02 7.665149524504130674e-02 5.170718029182778258e-02 3.715770354338691905e-02
4.118681127904851719e-02 1.706577884933635214e-01 1.433587882607328667e-01 1.176778335678285159e-01 3.908894684495126115e-02
4.793318521298640944e-03 8.112974600489232524e-02 6.292270123819491967e-02 6.185123940195291770e-02 5.075910074894474100e-02
6.581743608198926954e-02 8.672084671615490348e-02 8.873460267157912140e-02 7.505060482675264544e-02 6.529792004729408073e-02
7.642746944009706778e-02 1.047270918416984276e-01 7.958945856397035834e-02 7.332066944309757750e-02 6.688770844355981793e-02
5.133543374247823143e-02 6.182080637762860792e-02 6.712270615635941573e-02 6.634799982385222727e-02 5.702932106673732487e-02
6.893272376320687921e-03 4.625812092449280155e-02 5.132417072344218345e-02 4.854072113836461339e-02 2.858171662392174420e-02
1.141119930148478973e-03 1.031457229534322173e-01 1.100287681175116106e-01 1.207995954046098414e-01 7.042491539642418974e-02
4.784343292876863316e-03 5.913606757074580528e-02 6.286729783410389960e-02 5.978042980833614406e-02 4.105112225668159504e-02
1.668090319976406680e-02 1.211645348969122155e-01 1.132668411429649802e-01 1.141533097215303716e-01 3.951127263389197369e-02
1.852769294448595918e-03 6.916896649906367767e-02 7.395091758960758987e-02 6.889298898369211610e-02 3.555106258163583111e-02
9.100949622621116661e-03 4.866182912116354120e-02 6.228345211703690404e-02 5.894783997336196929e-02 4.928318263566510565e-02
5.102903904640652098e-03 8.625377130598139985e-02 9.664606478844685322e-02 9.600426032525290199e-02 7.922894050097316343e-02
7.949335394369658192e-02 9.659662769461023479e-02 1.038495815918602933e-01 1.072808898630705915e-01 9.849445104639649451e-02
1.651023294901192429e-02 2.304353748824844728e-01 2.696976104027011822e-01 2.312553799917357600e-01 8.639442103049362054e-02
7.875923131180499748e-02 7.781719268026962566e-02 9.137617378770934717e-02 9.984803544193796010e-02 9.390682946140538334e-02
1.000325491618028750e-02 1.120307239049352227e-01 1.103588384236744574e-01 9.279708454071750046e-02 5.692610953027051751e-02
4.070317342637349428e-02 1.056490397713480273e-01 1.180953614530717566e-01 1.021564710206003396e-01 nan
5.169985741076774111e-02 7.397145818942307827e-02 7.095739421509666967e-02 9.504263914439725625e-02 8.349688930357221373e-02
1.460297547682989829e-03 6.877362519428063814e-02 7.670500345372235906e-02 8.966149574151885404e-02 nan
1.693778316622004390e-03 4.626840300637097975e-02 5.885194920710473676e-02 6.761909315755965100e-02 7.485250997901525538e-02
6.462781613893963106e-01 1.289492732294495181e-01 1.216336398056290374e-01 1.163549267723063274e-01 1.118382713041280174e-01
6.284849142690372703e-02 6.611021592792137858e-02 8.757496103371986695e-02 9.336474524657698004e-02 5.839232610692312447e-02
5.288107339560707554e-02 6.161347033337916806e-02 5.771165629498714589e-02 6.071564819563010640e-02 5.742124441985888700e-02
7.163745300324886496e-03 1.824962277213359740e-01 1.374624068821349299e-01 7.313771127231273594e-02 9.143936392837265226e-02
8.342032350274119698e-03 1.535037024654308246e-01 1.566507314822578323e-01 1.624137423953700698e-01 9.349243401291508493e-02
2.782612428763708845e-02 5.226210082312856414e-02 5.671501491738005496e-02 6.291585985251817170e-02 6.085445148897666162e-02
3.073795159905226906e-02 1.084816679480517798e-01 1.122625886852800930e-01 1.025872700140626620e-01 1.159292771471796268e-01
2.619694621619579611e-02 9.101119189182101110e-02 9.461425213431393089e-02 9.083379822886640531e-02 3.441567612935757248e-02
2.298300455365362774e-02 8.463371905406488760e-02 8.307165705871787098e-02 8.456253636224943249e-02 6.172092688308613434e-02
7.541569693706444422e-02 1.004902983741908229e-01 1.205707307121776095e-01 1.312200636719346447e-01 5.788365711570075262e-02
7.232038950905708141e-01 8.824094099000630298e-02 1.005063035552693496e-01 8.741029776798117656e-02 5.923135310385330837e-02
1.929014970371306474e-03 7.483028789576970374e-02 9.731904194833773669e-02 9.214645783081824859e-02 9.022505718507600747e-02
1.407427354344647878e-02 9.842043909557172954e-02 1.078393774161750807e-01 9.308631603912091712e-02 4.405263183029271834e-02
9.726974726031999705e-04 1.278055309559858188e-01 1.483925572453752284e-01 1.481285546313554913e-01 2.799050067786482132e-02
4.177934123485156637e-02 8.036268813955257939e-02 8.400307964801685678e-02 9.101100491128026604e-02 8.869791247674378709e-02
3.604391340554870954e-02 5.167750077204212589e-02 5.925619216091428110e-02 6.985494352215007585e-02 7.003359593865703114e-02
nan 7.875636276435354910e-02 6.933730901905361954e-02 7.963343602760655782e-02 8.105380883913364254e-02
6.290863030243089293e-02 8.051464771657949882e-02 1.053603160463123661e-01 1.139014014975171935e-01 1.367132891527072791e-01
6.231992473497888034e-03 1.302327268244161118e-01 1.230843724963528452e-01 1.136894101584182970e-01 1.254301924421290237e-01
nan 8.557431062846491965e-02 7.953622814513046368e-02 7.922476817516022063e-02 6.625523000085471736e-02
3.116539231726426357e-02 4.023405066842989514e-02 5.359222452665965419e-02 6.066734078388662244e-02 6.579064334255797786e-02
9.039396238646208587e-04 6.927083724025481781e-02 6.595338904664652113e-02 6.004649331955042024e-02 3.762983351975875829e-02
2.145977993295327801e-03 6.881216467718416496e-02 9.503186656735979065e-02 9.912889763492231665e-02 3.193148715736207621e-02
1.065581670104103901e-01 9.561700991270687122e-02 8.801610646688834416e-02 9.095255541861452242e-02 nan
2.825680565553679788e-02 6.834509699154608930e-02 7.084601063658269027e-02 6.563434151792285620e-02 6.230439616879368536e-02
2.551798076634488599e-02 1.562025646662911493e-01 1.247220304865319929e-01 1.194823054099734688e-01 1.154082711483467583e-01
9.895425874390154086e-02 1.146346516434653545e-01 1.306994168604486140e-01 1.303258500863541391e-01 1.115109086009107436e-01
9.315014514913797297e-03 9.604621161744228419e-02 1.050474091309513552e-01 1.058718747432198654e-01 3.462549804923922836e-02
9.033559518186342827e-03 7.011235866480776402e-02 6.932607392399511848e-02 4.152426921927706432e-02 3.836956031325727823e-02
5.347109847739417790e-03 1.175166866365109641e-01 9.114331788447803395e-02 6.464626335670865809e-02 3.431596762638817327e-02
4.743989796668904302e-02 4.884283854775271078e-02 5.224530131415447420e-02 5.629364375500578443e-02 7.090108302162209664e-02
