4.486424667414330436e+00 2.893067417710839528e+00 2.773059329944906448e+00 2.570559817919511048e+00 1.923385820710926453e+00
4.099935030133701197e+00 3.996119976417469744e+00 4.402546806485094777e+00 5.295410341432662094e+00 1.457856335174090034e+01
2.193134616103837864e+00 5.570874259111066706e+00 5.203814066728376098e+00 6.020259881719407957e+00 7.056973651773543743e+00
2.692400842116879911e+00 2.428780157246685611e+00 3.526776461338812396e+00 3.847562022128527826e+00 3.548891156458373164e+00
3.984401826354245557e+00 2.829697600259211576e+00 2.221233359163996557e+00 1.947786172222371714e+00 2.095184551056347821e+00
3.466752859703175371e+00 2.043837724105923126e+00 1.930937342030656589e+00 2.097425233498900532e+00 2.643516069175215311e+00
5.952048794521546782e+00 3.987327147181145115e+00 5.013316453117124816e+00 5.730503748385435081e+00 7.434766788896901346e+00
6.583374201085891997e+00 2.532262998466278781e+00 2.828788415847756088e+00 2.987461339089385604e+00 1.989533046646244641e+00
6.491039572021534809e+00 4.801075903384337096e+00 5.605956966210287717e+00 5.560014474100894333e+00 5.364717333946900979e+00
nan nan 6.784437243476713775e+01 nan 3.751074961151974207e+01
4.737396288615896900e+00 4.022669023439543246e+00 5.963505253972114062e+00 4.271289376646048908e+00 6.297453377477001624e+00
1.758080832748754929e+00 6.303370913767908590e+00 6.531571363029624600e+00 6.076236508313968443e+00 5.277249312911288293e+00
7.462951238366662743e+00 5.190287565356888955e+00 5.013522397370318018e+00 6.500850097917188819e+00 4.849180621215653630e+00
2.591656229522536936e+00 5.137479601828756515e+00 5.477872205374385572e+00 5.509674625549539684e+00 5.033985352176108208e+00
1.811434154262369312e+00 3.547287274030114013e+00 2.862212637008880289e+00 4.342440100544748383e+00 5.848988122252142041e+00
nan 7.745716255333542577e+00 7.127289697536879132e+00 6.205203988229051504e+00 5.657517002485867863e+00
4.434041643082369255e+00 3.886141755550898136e+00 3.296860148461794982e+00 3.329190651084741770e+00 5.064413893141490597e+00
6.007072464500632591e+00 2.689537147402156325e+00 3.065953714694120702e+00 1.903080436230359496e+00 5.250746660228038820e+00
nan 5.585255878112089789e+00 5.720116963347655847e+00 5.541242318960103219e+00 6.085285593073460397e+00
3.897638125161547062e+00 3.097401498018331978e+00 2.575967799507515199e+00 2.812689660677083481e+00 3.867475132212222277e+00
6.202347900051135454e+00 4.529447922602715337e+00 5.011881080623595608e+00 4.300907564879895340e+00 5.874512742731672787e+00
2.518573795321309206e+00 2.299693596313165500e+00 1.876186764830945819e+00 1.730257046847709201e+00 2.597880498029632612e+00
4.894558853217963801e+00 3.925830955383203147e+00 3.843655004814219733e+00 3.136577778743922629e+00 5.565382243160959419e+00
3.535001576001402412e+00 3.468158800750100745e+00 2.924345572634684309e+00 2.733305606109304620e+00 3.398224421859591615e+00
4.702115499957431055e+00 2.829236451239843575e+00 2.330602024508729997e+00 2.212811129437429081e+00 2.135506843099137075e+00
5.907238639058390639e+00 2.727351786039671655e+00 2.562111862449519606e+00 2.785942332578938085e+00 4.787639244785008685e+00
nan 2.732580471229831165e+00 2.590850649035487674e+00 2.756691188611509080e+00 2.983463511385978428e+00
1.838203244223213018e+00 5.129203805352441137e+00 5.230790621940816010e+00 5.126493119617331118e+00 nan
nan 4.335236730591644161e+00 4.361004594031677506e+00 4.588462039949664728e+00 5.988719557614220257e+00
4.765796342225235627e+00 2.020471743222257643e+00 1.764652479582321298e+00 1.484763017827778420e+00 1.786290396328623631e+00
4.553233405321989835e+00 3.792059928890143095e+00 2.971941330641516998e+00 2.830164145205809056e+00 3.753153686315988224e+00
2.766786986914578250e+00 2.149454179820502020e+00 2.140542041545423491e+00 2.134874112947508618e+00 3.364540253724799701e+00
5.214445448274900308e+00 5.497462750291512101e+00 5.755132528312940643e+00 5.165279537384162900e+00 5.778834106540495341e+00
nan 3.444004754134942559e+00 3.213450919552973239e+00 3.102004591765994856e+00 7.950742412515685587e+00
5.317236989789194013e+00 5.030723851797183066e+00 5.162241616504772423e+00 5.244672498402467298e+00 5.234527206402940003e+00
5.353712691055640072e+00 4.882938286216707446e+00 5.742810052888071226e+00 5.905598394794732364e+00 6.626825080093366793e+00
4.810449117073049230e+00 2.966221568481715032e+00 2.754246668537635223e+00 2.749554130842665867e+00 1.731262361937612848e+00
5.295669089672746743e+00 4.721908452120032962e+00 5.292222024209226383e+00 5.549712608480852793e+00 5.087016475721596542e+00
nan 2.295275636559067856e+00 1.996321980153330067e+00 1.771842751961451023e+00 1.822559646102561492e+00
6.053274293260587413e+00 5.336358073533120638e+00 6.967379360882880235e+00 7.667239130775533873e+00 7.585797749081899966e+00
1.675403994158890963e+00 2.449415589137241334e+00 2.082295505335993280e+00 2.189666642920956363e+00 nan
1.016529925513615495e+01 5.149552885139940805e+00 5.438427621911059440e+00 4.662882763060572699e+00 5.731316728112078707e+00
8.795471784483986255e+00 2.772994784981510641e+00 3.723771407433203784e+00 3.208013031817333882e+00 4.797556929424223071e+00
1.685462144911138882e+00 1.559740469385000328e+00 1.593439152272206893e+00 1.818937111669268747e+00 2.382094185770540218e+00
5.701431269668217006e+00 4.738459832816307227e+00 6.210984351669736725e+00 6.472616509829126841e+00 8.583507703238201003e+00
2.329617747564129537e+00 1.668042909280168518e+00 1.494392408862482924e+00 1.475431106252138802e+00 2.485680562039661368e+00
3.314488046947276612e+00 2.359915866408545781e+00 2.633279793445627348e+00 2.671184685466351461e+00 7.581901252336451513e+00
5.546263948537228039e+00 4.316368851654529770e+00 3.860510981397542007e+00 4.090972085248751000e+00 4.406411687042420589e+00
6.508434112156224138e+00 2.881955394411035876e+00 3.205651212817197671e+00 3.826977358535819551e+00 6.032337984237114981e+00
6.783503365353497294e+00 6.699643034210262194e+00 6.900380777419409029e+00 7.070673839011125672e+00 7.002702337870122307e+00
4.846095647409543794e+00 4.837441569584611578e+00 5.760358456197039345e+00 5.037001282172711925e+00 6.412838406746037556e+00
3.507864980351560025e+00 1.096499030017608067e+00 8.390435550393806619e-01 6.750977149181336401e-01 5.541542304080275372e+00
5.484474794426699162e+00 5.848082693002054633e+00 5.588216175773373706e+00 5.623127155573587110e+00 4.921544577101284901e+00
4.345866803152304669e+00 2.808022857800463346e+00 2.483488872039456563e+00 2.415048224836810586e+00 3.052897607127865065e+00
5.286592139544380231e+00 6.243777540716896723e+00 6.256035198472179815e+00 6.398750175540027563e+00 5.214781286906156943e+00
5.688104202996223435e+00 5.015099251943841985e+00 5.232707649633922209e+00 5.879103168443178262e+00 5.815502905096443520e+00
5.045501020085918498e+00 5.090009246297388046e+00 5.047169218450353156e+00 3.660659401410050862e+00 5.123468510932688957e+00
3.931889949164935061e+00 3.306973989055859597e+00 2.993324679223654972e+00 2.346240579070639320e+00 3.504652559873838946e+00
7.176223011432567134e+00 4.937599900321370860e+00 5.042808808135612608e+00 5.161972937234433623e+00 5.466945926071064221e+00
5.522823263158863405e+00 5.068790557816598152e+00 4.456974830348189087e+00 7.673362130395498859e+00 nan
5.182859513671300711e+00 1.347621278804856049e+00 1.260681463656728063e+00 1.333347547534956545e+00 1.214899152655427361e+00
4.906544081087429454e+00 3.283508154218806485e+00 2.625206586009399601e+00 2.293295948687840369e+00 nan
6.979531890490121349e+00 4.029718614223140705e+00 3.386681010401589198e+00 3.327523093680192723e+00 3.982688492556343274e+00
1.770466797218513966e+00 3.676920940755776801e+00 4.221708670061264712e+00 4.107587237928457036e+00 9.976677078766282847e+00
3.332806813666158163e+00 2.820615199996226785e+00 2.336923998381660539e+00 2.136037179725164936e+00 2.498069170635262459e+00
3.061039564442380456e+00 2.729654300317170268e+00 2.454317159700155848e+00 2.117153872512654633e+00 1.273381737362233368e+00
9.940575154924996326e+00 5.380756189110520893e+00 4.847830207175086947e+00 4.745644608695255506e+00 5.420513767018927176e+00
5.937885556615476901e+00 1.343158913108083663e+00 1.189702390080819239e+00 1.071935938865440585e+00 8.403594689771597404e-01
5.375985282603704896e+00 4.494123454721527189e+00 4.683429027751468965e+00 5.631828920132643468e+00 7.303187868520999437e+00
4.724449892539387186e+00 1.302423991235738265e+00 1.485879981248278803e+00 1.412601903611307996e+00 1.743808021355277793e+00
2.839541446334457486e+00 2.412515852883776013e+00 2.109231430687276365e+00 2.026999824966038144e+00 1.957735023571916200e+00
5.129579501400939989e+00 2.509090487593091279e+00 2.490356641452199149e+00 2.344917335675953840e+00 4.371955778763750189e+00
4.576743386893243226e+00 3.585191989845825766e+00 3.795594362408633682e+00 3.102012911198834821e+00 5.787836650775859404e+00
2.588386403960337923e+00 3.751440988633125695e+00 3.486624632355719289e+00 6.556696172972104719e+00 6.279095221505355262e+00
5.024635244710356830e+00 2.521292300609374148e+00 2.259477273493268878e+00 2.145390447519620825e+00 3.299375353751874851e+00
3.137525932916179094e+00 2.094966309554370909e+00 2.187190293815964637e+00 2.519584992091352227e+00 3.072371007922705566e+00
5.774242826769997450e+00 1.851415774062658004e+00 1.994953452743482014e+00 1.805510012975202638e+00 4.664814999190110889e+00
4.258558279561784232e+00 2.069757505480655180e+00 2.148600735602198775e+00 1.900654590395751242e+00 2.804093249973782953e+00
4.340209934414430037e+00 3.085618602139883482e+00 2.599416252831876939e+00 2.346775685798064615e+00 2.118657419596392977e+00
nan 5.485756859791955264e+00 5.485442095289462472e+00 5.366868509470909210e+00 6.717476669214206275e+00
4.924649575796397727e+00 2.869787922308397299e+00 2.345741438589749706e+00 2.089615362633861384e+00 1.707434584216465101e+00
5.578419772326324910e+00 2.145004144717148176e+00 2.872457942772974171e+00 2.517789824706543556e+00 3.585059842003062602e+00
nan 2.454822817748753661e+00 4.947155546251673641e+00 5.639433952322608690e+00 6.690909152674477944e+00
5.744041408742699417e+00 3.259566224437978832e+00 2.525448756033965125e+00 2.221020486787130377e+00 1.822494840821708761e+00
6.612607236422855195e+00 7.193295978503630117e+00 6.937719387757712575e+00 5.798778268459575891e+00 5.268243789858118475e+00
5.710221324260283282e+00 7.370092154051547162e+00 6.883648157384763877e+00 6.292730024750754936e+00 5.026186804782400763e+00
6.478179823430620488e+00 9.327024091262378747e+00 9.083895722008701767e+00 9.122731398334032349e+00 nan
5.352797217505388616e+00 4.923486689422165163e+00 5.407054301540410890e+00 6.301080576619774831e+00 6.239150700007741968e+00
8.439398907680393691e+00 1.452384209970123186e+00 1.577801047057985517e+00 1.540881595508344581e+00 1.814979939623820870e+00
3.065518282554595242e+00 1.478036958442449089e+00 1.580478456506187346e+00 1.279914826439831455e+00 1.565212289335774276e+00
6.495957087449632184e+00 1.888752958658761250e+00 1.885319928157969338e+00 2.093258829728664505e+00 7.353070809907519489e+00
3.935864107852484306e+00 4.964209756391187334e+00 4.855432965326552441e+00 5.397445200388428788e+00 5.287808027367931984e+00
5.926118867239278387e+00 1.624660591481121852e+00 1.981137940951648302e+00 2.365103660585314849e+00 8.095665058769439426e+00
3.968212283179866073e+00 2.868446500431056645e+00 2.385586983771947445e+00 2.137361264682644091e+00 2.018603629974456304e+00
