5.481325736729348641e+00 5.233084668065823841e+00 5.122762289660441226e+00 5.084010144924700825e+00 5.224413468541889927e+00
4.278987581451688449e+00 5.169691723639213699e+00 5.162913412463766782e+00 5.261520080230330798e+00 5.457899216167358958e+00
4.632487908640089636e+00 5.423815477065925705e+00 5.414256852217125271e+00 5.409645436789922712e+00 5.436203873958946886e+00
5.399878621950302104e+00 5.130799154818545205e+00 5.191262062052205195e+00 5.215767782552511278e+00 5.354356154234087839e+00
5.430641125995410157e+00 5.230535581270485679e+00 5.075840968239427653e+00 5.026450614555789898e+00 5.337946323815257799e+00
5.426028994276558493e+00 5.228501339944156889e+00 5.083130208859339305e+00 5.140960034280258384e+00 5.260466556110743319e+00
5.365882479282175765e+00 5.304436715411310566e+00 5.316761746415028966e+00 5.380243315839599916e+00 5.466336368391417011e+00
4.864356583334855877e+00 5.196869754114620044e+00 5.108077129432667896e+00 5.048838727322570108e+00 5.257698684069457506e+00
6.986432222104133061e+00 5.374530146900959870e+00 5.420914906677868572e+00 5.469052151212655311e+00 5.468304352120800793e+00
nan 5.518867516957915775e+00 5.623513987411339343e+00 5.567383612344647403e+00 5.543693640097885122e+00
5.406432072006763789e+00 5.335003422503445947e+00 5.374700929749121059e+00 5.275971409006231738e+00 5.500923294101847105e+00
4.286220916308487006e+00 5.301272461826070703e+00 5.307012302317223096e+00 5.259264871661814666e+00 5.419035692053837394e+00
7.313173457080456075e+00 5.421802548064647453e+00 5.362958226471209677e+00 5.380895460331910130e+00 5.437309203650181111e+00
4.472391893620167203e+00 5.389701192530638174e+00 5.411392310321405219e+00 5.439091304793315373e+00 5.537511599475958946e+00
4.483388488804206595e+00 5.339727251264143604e+00 5.261306804611855625e+00 5.346540139397375491e+00 5.495480220985412778e+00
nan 5.488995624534211970e+00 5.605724595399341759e+00 5.589352703140383127e+00 5.481682627641620620e+00
5.461978700542737819e+00 5.350164849048454130e+00 5.237611414164110357e+00 5.269270838893565845e+00 5.384675385115935242e+00
5.474938353269804381e+00 5.159667606681005658e+00 4.992872436509179224e+00 4.798699744744030937e+00 5.627205808985515922e+00
nan 5.409461883775007252e+00 5.372875996530790843e+00 5.412496704941393233e+00 5.522136092874960767e+00
5.464157463113291868e+00 5.306743885762697843e+00 5.198240714514200889e+00 5.246306714159581830e+00 5.408529247046178767e+00
5.464802000037560781e+00 5.350826186792404293e+00 5.364854167252419259e+00 5.254351309100604439e+00 5.514877532029387908e+00
5.449527047304973948e+00 5.144156343481459892e+00 5.024657721869457916e+00 4.946967514742986793e+00 5.351171354484617559e+00
5.344413683522613034e+00 5.245921230198495877e+00 5.277929047245234706e+00 5.077464664462727484e+00 5.464182442700336928e+00
5.382144189960080816e+00 5.151779451010160216e+00 4.928503035865749560e+00 4.900152379098074995e+00 5.216691481481471548e+00
5.412861766907508532e+00 5.244345144804442249e+00 5.135685190094378072e+00 5.117259874917289508e+00 5.315247595152341020e+00
5.443984672958412929e+00 5.259903841096168264e+00 5.144120980158016110e+00 5.130694300181747991e+00 5.391603499047063153e+00
nan 5.226010837922705932e+00 5.058947791999184318e+00 4.996468649614391744e+00 5.223417282415914187e+00
4.456703464375479484e+00 5.542445372623436839e+00 5.425252038177275971e+00 5.531804211557350470e+00 nan
nan 5.416085030662594058e+00 5.402793732829669793e+00 5.450886121972967402e+00 5.441365069262751319e+00
5.375698275506866075e+00 5.322239713910066783e+00 5.271192199905543774e+00 5.238222133951129678e+00 5.383889848656229660e+00
5.389386425734463693e+00 5.327972955003772881e+00 5.288456754062234921e+00 5.259177282452860425e+00 5.364411056432181191e+00
5.419862180305043964e+00 5.233100867185006777e+00 5.141248043628577236e+00 5.118423512529969521e+00 5.278984370844931107e+00
5.639509216523775237e+00 5.471937642002396629e+00 5.368335416781575553e+00 5.377142730389918412e+00 5.520832047617178162e+00
nan 5.281844657159251000e+00 5.227276445292265983e+00 5.150488872721229683e+00 5.436279954402163384e+00
5.464314420869914812e+00 5.354369364883151405e+00 5.431464973525121032e+00 5.567429728419516444e+00 5.362457600459063833e+00
5.442998858433459652e+00 5.243623292936431923e+00 5.335853736011721971e+00 5.310717328120081682e+00 5.444146541482110635e+00
5.471597979777408582e+00 5.306028459826582555e+00 5.227396219496569074e+00 5.191127722245266085e+00 5.426461831621452347e+00
5.351468751520816802e+00 5.395163222574234752e+00 5.372014897356633512e+00 5.410357133970470578e+00 5.326431496099700347e+00
nan 5.084931906563441295e+00 5.043776909226965088e+00 4.939908036448683148e+00 5.166123853437404101e+00
5.672170969877578628e+00 5.402464070934046347e+00 5.511406884348795110e+00 5.545675400520922338e+00 5.525645717041447469e+00
4.482228490529970522e+00 5.212606165303696137e+00 5.071164197294324438e+00 4.963755247584282770e+00 nan
5.419638432142772189e+00 5.400363293668030806e+00 5.469987017102066140e+00 5.400976961034807289e+00 5.477184456177544902e+00
7.038088175227242616e+00 4.938996479748968049e+00 5.079805067313152733e+00 4.698639105003048044e+00 5.328517064798900194e+00
5.420266571101233666e+00 5.273155130792965828e+00 5.136774138267279355e+00 5.176609029906234838e+00 5.219409379104890334e+00
5.571371189293180315e+00 5.390296521329851487e+00 5.421281465037477432e+00 5.434442086839650798e+00 5.466512094092035312e+00
5.296428645023244286e+00 5.227785067978992117e+00 5.241018592428727807e+00 5.197178364918116245e+00 5.306555917230609154e+00
5.514665335459408624e+00 5.176801159706724498e+00 5.014670979380952964e+00 4.972701674530119575e+00 5.653886791378940124e+00
5.444021913207794938e+00 5.351277082203186097e+00 5.287723298376912240e+00 5.354730647242309516e+00 5.526626051064353007e+00
5.412666206438951022e+00 5.250138690768446637e+00 5.182395285570395416e+00 5.310518162265497111e+00 5.495643929012851814e+00
7.832713184361627334e+00 5.414570041245098331e+00 5.507954316589841248e+00 5.510860843472222825e+00 5.468435451734675823e+00
5.666223908627113559e+00 5.336013127720063309e+00 5.332152700178679261e+00 5.268180676053095368e+00 5.341323273895573820e+00
5.481068738053953560e+00 5.303954892491980821e+00 5.171631016250561430e+00 5.122785006000468933e+00 5.346176904752867109e+00
5.780587666992299312e+00 5.453630707593681848e+00 5.397454999797554720e+00 5.434372331803074552e+00 5.321730240790209621e+00
5.444930479240563059e+00 5.273010060085075779e+00 5.196013443812725896e+00 5.169999275050148668e+00 5.361158516453454759e+00
5.110704224045782951e+00 5.566947156401795382e+00 5.518245995629809109e+00 5.623490336035685822e+00 5.401915052455502853e+00
5.464012123785972896e+00 5.429741831016775322e+00 5.414449595964195616e+00 5.462517708578204179e+00 5.502162332834453551e+00
5.488329313089044703e+00 5.415312495907517842e+00 5.396603280178803530e+00 5.330929044434142838e+00 5.474506510562021866e+00
5.429039744423963754e+00 5.197753624367562608e+00 5.077625067057121022e+00 5.004663653738033346e+00 5.267811980025688179e+00
5.915975681639585204e+00 5.526150470366935963e+00 5.389319230105103387e+00 5.333953793416742251e+00 5.325792699510144779e+00
5.406958464882945847e+00 5.398081893079002214e+00 5.338281379409441918e+00 5.433973289820237085e+00 nan
5.315034343328250976e+00 5.112413282201336173e+00 4.881909149525169411e+00 4.821713147676607747e+00 5.061499304929699683e+00
5.427719364286261339e+00 5.241283163130852074e+00 4.831656383039929281e+00 4.885829954360326965e+00 nan
5.652889162203411644e+00 5.423425451951915832e+00 5.297738543097981534e+00 5.328438293735009879e+00 5.413805268256648873e+00
4.489203257034623640e+00 5.345536340230268024e+00 5.311331402738242780e+00 5.279991946829557747e+00 5.510429451599017980e+00
5.412687154548493140e+00 5.247746349572341984e+00 5.082412813958045561e+00 5.013406628241651397e+00 5.186204755609775674e+00
5.425641361960372500e+00 5.367377214285060205e+00 5.302094476557062563e+00 5.275468933696171092e+00 5.374738794341337389e+00
6.033958077107715923e+00 5.453144989880936322e+00 5.452294996065520927e+00 5.517833528279596500e+00 5.340880806758125487e+00
5.585566664902399836e+00 5.048722918679722227e+00 5.046646368490142365e+00 5.052225340586629976e+00 5.234600110409211915e+00
5.456369315283508215e+00 5.270506915682043214e+00 5.232479590421724502e+00 5.310216579649535085e+00 5.545647636787384371e+00
5.550515001441103990e+00 4.928168688588331570e+00 4.647348728246002203e+00 4.403755021565263661e+00 4.942892475102602212e+00
5.433997152215138016e+00 5.289427113497352728e+00 5.200487263016539963e+00 5.189529172266395207e+00 5.314914943867758979e+00
5.248800638427169929e+00 5.305157819491745919e+00 5.281856735252428159e+00 5.271388467395398791e+00 5.406845384018365230e+00
5.432478076133113731e+00 5.336785420316574324e+00 5.326204217319890688e+00 5.271034536960822692e+00 5.456153041062598241e+00
4.479321733585232224e+00 5.351749643520189892e+00 5.280825822725888408e+00 5.421138500201313271e+00 5.456546422327377854e+00
4.982209615176051543e+00 5.250740285247036176e+00 5.179337433112124245e+00 5.090817696262837977e+00 5.340485369980658703e+00
5.676781951358690570e+00 5.334936200399552853e+00 5.301618981436512001e+00 5.266235791720355053e+00 5.342505721401600738e+00
4.781560743541843017e+00 5.288710830474605551e+00 5.174700561818651678e+00 5.087933906659173999e+00 5.339588858818680173e+00
5.455832380522952718e+00 5.029368309164778950e+00 4.961922540933829673e+00 4.806988592964343887e+00 5.176397071866571942e+00
5.362897031498206069e+00 5.055665985274318430e+00 4.893806809661159996e+00 4.853235136848899955e+00 5.264694305468951008e+00
nan 5.401571281091021248e+00 5.375467899366768165e+00 5.393437423206385972e+00 5.564930407857556993e+00
5.316417655617271976e+00 5.274879892666034742e+00 5.147529876984952679e+00 5.145204232524365651e+00 5.269127654894775858e+00
5.726558079201289786e+00 5.111417834225124857e+00 5.052535588449345916e+00 4.956801611871158642e+00 5.284227066556415942e+00
nan 5.312892400719650077e+00 5.422210539276839825e+00 5.426715252371261400e+00 5.508788183243089165e+00
5.338071745003906798e+00 5.161751408277984510e+00 4.988930176078392620e+00 4.961759586252115106e+00 5.236736243759086307e+00
5.703675252838095844e+00 5.530543010374749713e+00 5.463667063869518614e+00 5.400914021997013315e+00 5.381693217442872879e+00
4.772596485950537648e+00 5.462802854889145188e+00 5.443660955980547556e+00 5.442477007629266339e+00 5.426133873085855264e+00
5.530147462820531601e+00 5.409909919470189621e+00 5.523023493223671032e+00 5.494936923429079911e+00 nan
5.512175058390972104e+00 5.387426590035606644e+00 5.398828771324987841e+00 5.398234439849870725e+00 5.468827922993801494e+00
5.997827988687727263e+00 4.908932957192442714e+00 4.851826828044671025e+00 4.831306214332106386e+00 5.005787987324876731e+00
5.422350090184268723e+00 5.182862880531267535e+00 5.000606509133033839e+00 4.883189454729764734e+00 5.210785979943130641e+00
5.386410494454025866e+00 5.211843443047322388e+00 5.046330963817172943e+00 5.007033462095833443e+00 5.353085445114746932e+00
5.590403711317239122e+00 5.391750189407790828e+00 5.363890644164133192e+00 5.460456097502567552e+00 5.541353179943886431e+00
5.168244632561098229e+00 5.192657277353102785e+00 4.937655750411368061e+00 4.971252958664178045e+00 5.550895132223225836e+00
5.387424027025461193e+00 5.247377250573497243e+00 5.110629149025310625e+00 5.097613949454977700e+00 5.280790217434372380e+00
