587722984440529128
587724649793716359
587724650876174378
587725469600055395
587725551199780967
587725775602385217
587725993576235371
587726031719301138
587726033871241253
587726102021668984
587728949587869796
587729652349141047
587729774757740766
587729777445306532
587731187813580808
587731511532847214
587731522282258436
587731891111788592
587732482197225496
587732482750939296
587732483837067338
587732577773420642
587732582591692862
587732591714893851
587733081884655640
587733399190569078
587733604267131173
587734622171168831
587734623237111983
587734893288226891
587735342653636749
587735664766353506
587735665319477506
587735665855234093
587735742617616406
587735743683887203
587736525368524942
587736584436777018
587736584975286330
587736915142574202
587737826756198431
587738411398004813
587738946131132437
587738951489486893
587739098598867000
587739407841165563
587739505014603871
587739719763558489
587739720288305246
587739811560161312
587741532774858770
587741601496170525
587741603096952847
587741603105210388
587741603110977632
587741722823884873
587741722823950350
587741723357282317
587741816240799826
587742014372380829
587742014903943216
587742061061668951
587742062143013024
587742578050203720
587742589330128914
587742593620705411
587742616173740156
587742864214523914
588009365861498889
588009368545984617
588010358548070424
588010359086579732
588013384342044771
588013384357970014
588015508748501057
588015510347448339
588017111290150975
588017111835344908
588017603609755683
588017625623560200
588017627221852253
588017702930022421
588017724407545981
588017949357965355
588017978348077077
588017979954561092
588017979966947360
588017979970289795
588017992312684614
588018056733130844
588297864726642799
588297865261547571
588848900980670532
588848900983357543
