587722982834766073
587722983365869710
587724648728690896
587724649255272543
587725039019950218
587725470134632556
587725490527404227
587725503411978631
587725818567917683
587726015075123359
587726032247521398
587726033843978455
587726033857347721
587728880869310693
587728905561571635
587728930795749838
587729155208970351
587729752749441271
587729777443799162
587730845814489843
587731186737807489
587731187807355024
587731511532847214
587731512608424057
587731514226835568
587731520671187078
587731680649216279
587731681191788759
587731681193033765
587731873389478142
587731885737902300
587731886809284777
587731891111788592
587731912036974654
587732048403693604
587732048413196371
587732050555961424
587732053774499874
587732134306644085
587732156849979905
587732470388424740
587732470920249536
587732577757888951
587732577760772515
587732578300985510
587732702326685867
587732703394529505
587732772106338575
587732772114530444
587732772126654612
587733079731929233
587733196769591327
587733197844709467
587733398639476874
587733424943792197
587733441049198629
587733603192930496
587733603732422683
587733604271325442
587733605338906976
587733609630531886
587734690890317917
587734691424829728
587734841204474180
587734894365966419
587734948595499144
587734949118804279
587734949129355424
587735043609985285
587735043617259581
587735239565115542
587735240102117515
587735342653636749
587735344263135446
587735347487572022
587735348550173058
587735429081137194
587735666928320908
587735667451232360
587735742073536624
587736478127882517
587736478131945704
587736478669275375
587736479464882277
587736541489135877
587736542019715262
587736543094374497
587736585508356373
587736585513140555
587736586052698482
587736619324277017
587736619856691458
587736619862720704
587736812596560052
587736898504098100
587736899039658338
587736916757053656
587736942519713952
587736942526988476
587737809570038054
587739132960178363
587739380992835739
587739381524201634
587739405714194457
587739646208508016
587739646747738208
587739720298791055
587739720303181999
587739720310128833
