2.668324540153636446e-02 2.339958928064222315e-02 3.284545701994918965e-02 3.522952002098930779e-02 3.894340834927852851e-02
2.998746686937271352e-02 5.847297724438720035e-02 7.724825885520790469e-02 9.840117897909907152e-02 1.763736807507692850e-01
2.849528425780420079e-02 4.042320608342780952e-02 4.141108684684920160e-02 6.267769996785216291e-02 4.111062567152092700e-02
8.307333550133409739e-02 6.954636277706174874e-02 7.757158156097994361e-02 8.947378342011570729e-02 1.382145425813018913e-01
1.454190509387435007e-02 4.238994855485057195e-02 5.760666234891531623e-02 7.431892853782839925e-02 5.128497011821944729e-02
6.140724063971566421e-02 1.144464928497773565e-01 1.900301640468498587e-01 2.308111750812331942e-01 1.931636799311224617e-01
1.366795258038788242e-02 2.908133872815590881e-02 4.249424834770320486e-02 4.828068822484823247e-02 2.704172180143789642e-02
1.749412690556136074e-02 4.582401914221796713e-02 5.934021563164215696e-02 5.516059038598573189e-02 7.333257188149379380e-02
7.962573688690553070e-03 3.783440680965072245e-02 5.259418276141493431e-02 6.605880751700926590e-02 4.483941275117186293e-02
nan 2.492730256198370797e-02 3.350444754216852505e-02 3.015165032763959113e-02 7.670468685971819356e-02
3.582428505032656668e-02 6.577017102672744198e-02 9.681854485666986643e-02 1.073369273942035435e-01 6.688377403605344496e-02
2.084895035695054008e-02 4.818690928398346174e-02 7.164812647471903440e-02 7.580738495542406474e-02 6.409868372722812846e-02
7.440852417595916583e-03 7.475520835557177002e-02 9.700279184085734696e-02 7.454922826447694939e-02 2.771855483107375090e-02
1.142551732784231541e-02 2.915648390654559247e-02 4.078775291492034438e-02 5.139095308410883411e-02 2.848309186291199738e-02
5.130347148632787013e-02 3.090675049853139691e-02 4.289788074270843576e-02 4.421630307594275749e-02 4.032139848266799720e-02
nan 2.387288643307146699e-02 2.853879485449484568e-02 3.416621253670781150e-02 4.557066779016819696e-02
2.092044580861423739e-02 4.592963300596088205e-02 7.747342013342058131e-02 9.011145884168535181e-02 4.164498422487360879e-02
1.186762170438605303e-02 5.631950833435782344e-02 9.380997130153841124e-02 1.067692935019580180e-01 6.895108670022062625e-02
nan 4.275087099638007204e-02 5.948505577860806193e-02 6.472528156707993419e-02 4.610400847561412635e-02
3.454311748434372997e-02 6.522841705255380540e-02 7.621857368147311185e-02 9.749168116393167050e-02 5.887959612593779424e-02
2.012184200257405298e-02 3.996726278973449648e-02 4.593083090697358539e-02 5.848836812656943440e-02 6.425815004648975648e-02
5.658794016513974540e-02 6.134986790864491168e-02 8.911337191913264177e-02 9.683177814992230403e-02 6.643128405842679829e-02
2.774357032071978965e-02 3.976962443219190374e-02 4.710960696705483730e-02 5.108037782749672018e-02 3.993705247390960666e-02
1.078870558657473583e-02 2.583521184953294775e-02 6.058695870273376333e-02 7.207403863363502639e-02 3.501159421865939619e-02
2.097756569292566139e-02 4.438612669024041141e-02 7.430643510433809773e-02 8.248686504179991719e-02 9.229111161735184532e-02
9.671838486891081582e-03 3.529951879011922200e-02 5.075101261576921152e-02 6.232367852507400552e-02 8.808392561135446053e-02
nan 4.000266759350162155e-02 5.216765666400231816e-02 6.110715430501993672e-02 5.497703889112205006e-02
2.059778637557796790e-02 3.871259986237875900e-02 4.032529945060953774e-02 4.908820287078185379e-02 nan
nan 4.481445859330100007e-02 7.040508225053622449e-02 6.956825258304547011e-02 5.227713869090005322e-02
6.455632961223455209e-03 1.873443565804263841e-02 2.466391259472033859e-02 3.003147472455865857e-02 3.872253458248571534e-02
4.295864472532723820e-03 8.563842151925531512e-03 1.275764250812084014e-02 1.339503098389235348e-02 1.211706824243471807e-02
1.644470397682097976e-02 5.019272830585309181e-02 6.580332482413596418e-02 7.050640636274661810e-02 3.877057111753904467e-02
9.121943501853985864e-03 6.308466357593679741e-02 8.263135860757682416e-02 1.113465893671216900e-01 7.056949610402019069e-02
nan 5.751558950400008363e-02 6.525037377414737161e-02 7.168124071229521610e-02 5.955122857443365808e-02
1.141768372153140546e-02 4.844545607622913891e-02 8.021735075802886861e-02 1.050239792786059889e-01 9.195275478585168694e-02
1.499906519600657968e-02 5.613979664795660379e-02 8.703899640780353442e-02 9.622211132844871173e-02 7.219465787492243547e-02
1.523133559354208043e-02 3.314278111721398468e-02 5.014376121144212967e-02 6.475958737497948536e-02 3.160077006872438754e-02
3.287094002821629168e-02 9.475122678143793609e-02 1.546345500106723336e-01 1.750734703489434108e-01 6.307848331832195676e-02
nan 6.613489775834503759e-02 1.068400297636465796e-01 1.429612513151971576e-01 1.398431764507905850e-01
1.446843185126321998e-02 7.357983692217509586e-02 1.092970664521902835e-01 1.313325414771269184e-01 9.969498715888455709e-02
1.434155015739511409e-02 3.693275643534784519e-02 4.878987274516705802e-02 5.187314725024844142e-02 nan
1.159017018884313591e-02 1.926143773106333765e-02 3.357167244175104232e-02 3.939878702546797257e-02 2.991496510906339543e-02
1.616296923363112412e-02 5.004259741820565877e-02 5.023156740154317845e-02 4.900573021559399139e-02 3.657648181202537846e-02
5.172880485532458522e-02 6.502108149643490154e-02 8.286191892266593639e-02 8.849222434540902904e-02 3.437148950180901608e-02
1.111045959182772706e-02 5.960567849619873709e-02 6.227265858144909877e-02 7.606231464314798518e-02 9.211764687633994253e-02
3.522580945345049619e-02 3.321892689966737117e-02 4.604190058677404274e-02 7.181901509469289235e-02 3.983782966567792766e-02
2.762202110728018828e-02 4.713017170632766151e-02 5.039817748486880716e-02 5.190310719251282900e-02 5.523563777359388055e-02
4.637419560225079090e-02 1.042195567272010404e-01 1.375184587898962418e-01 1.680335155612566189e-01 1.355801285723711169e-01
8.148116500196750725e-03 2.776391067888858352e-02 3.896449126199139773e-02 4.896918754069665147e-02 2.642846903887029891e-02
5.647742351545514787e-03 6.635722010760709832e-02 8.676209804697604389e-02 8.940057371106592543e-02 5.909385568849019610e-02
1.010671774047686676e-02 3.321904781552793839e-02 4.445377214998656040e-02 5.988704772398295573e-02 4.249197457870171335e-02
1.129695922529813483e-02 8.634417082019558987e-02 1.082142025698412391e-01 1.231283396580371142e-01 7.307409901007883013e-02
5.730574821807099366e-03 1.851286885186671088e-02 2.430528486137870092e-02 2.666968230633758041e-02 1.894791165946971279e-02
5.778347142821995200e-03 1.231797409814422775e-02 1.615777644718219622e-02 2.186831781899996330e-02 1.506407929226766945e-02
6.944910753166506044e-03 3.288159331534713098e-02 4.340067232765737471e-02 5.207942887679661154e-02 4.888571165680247882e-02
4.384558446079930838e-02 8.030703468797417699e-02 1.423899991098405149e-01 1.187462302580464951e-01 1.000254944953305747e-01
1.004645464818354622e-01 1.010007722730123791e-01 1.213720301468406981e-01 1.447063406917420414e-01 5.059212697329431435e-02
2.995822427101324861e-02 5.694671089673181835e-02 9.478494497925819828e-02 1.164085736989183967e-01 8.332530351437887617e-02
1.288987179136185171e-02 7.233787938572756870e-02 1.134129110336375701e-01 1.199113558011857955e-01 1.130532589373119678e-01
3.537582882264080075e-02 8.124644524108533272e-02 1.411467356756247460e-01 1.269345387515501966e-01 nan
4.625552598976867547e-02 1.155665808681465428e-01 1.478662766768821801e-01 1.868819818127234744e-01 1.504654714877100008e-01
1.380519259476635507e-02 3.166198652862877577e-02 3.980769536006776438e-02 4.988611712318594127e-02 nan
7.951161169053302599e-03 9.628925662172934524e-03 1.407094303531489579e-02 1.915752728808412658e-02 2.074472811034278052e-02
5.419547016889972313e-02 6.678984400217206907e-02 7.325878097600654892e-02 9.333990972067687797e-02 1.065036027558749904e-01
1.552288331752448361e-02 3.959846720077950244e-02 6.397587867378071169e-02 7.679071012231865334e-02 4.997519380036383185e-02
1.239775323481428528e-02 2.013570222562450357e-02 2.757296419679531457e-02 3.734395064304209949e-02 8.189261510319578719e-02
1.355689240185599907e-02 6.720338678586136594e-02 6.873995770032863273e-02 7.407495568379642015e-02 6.785933693087396745e-02
1.967772943660404256e-02 9.357332834111659059e-02 1.489859901524583641e-01 1.708389224520781846e-01 1.391172733772834402e-01
1.505961305459023458e-02 6.060107945984076483e-02 8.031337231338461780e-02 1.067393853708878404e-01 7.126053889958255949e-02
1.389248335475201136e-02 7.062014771993446738e-02 1.099462730630536011e-01 9.140426868915117742e-02 7.632762424539449309e-02
2.015974426256456065e-02 5.552331567504781296e-02 1.010328762209874026e-01 1.230497870617835582e-01 1.372171543012439821e-01
7.875152351308450926e-02 5.606922807680106424e-02 4.975554876994923992e-02 6.824913095188152312e-02 3.296851114746410238e-02
3.132612524256005865e-02 9.027658725733819778e-02 1.145962406901013669e-01 1.352038845987792171e-01 7.062666834481585998e-02
1.278023911111659042e-02 3.842275824292301634e-02 5.808116265879363638e-02 6.827635143013134622e-02 4.408946210634383245e-02
4.979448458362625667e-03 2.098270394059834759e-02 3.466092938699043974e-02 3.592648508287875353e-02 3.261701768114578376e-02
3.305981543685622415e-02 3.680612151852721836e-02 3.957547459582883703e-02 3.134186126599430855e-02 1.976670359532306867e-02
7.924353792220508244e-03 5.178421583118095195e-02 4.350854246390135210e-02 5.893901838855153397e-02 3.478573359856305253e-02
1.614810126941941884e-02 5.888833417818176846e-02 6.813580572973283733e-02 1.014814009685163360e-01 5.661050724965047132e-02
5.750881469798907464e-02 6.934681732463347792e-02 9.987330569241462119e-02 1.133743656870037780e-01 1.228847054496363111e-01
nan 6.099347159340627600e-02 1.045912451468848370e-01 1.199257582516932014e-01 5.811391871123521013e-02
3.856443735454965355e-02 5.454375922229338230e-02 9.376581567434705278e-02 1.045250096021190511e-01 1.158094222846025034e-01
1.092135198300688177e-02 3.268853778731997672e-02 4.448201945053558565e-02 5.491484426259517215e-02 4.799803608681445233e-02
nan 3.159243054504440318e-02 4.629501050980838056e-02 5.453945084472024141e-02 3.931086997616052570e-02
1.987420321410300617e-02 4.745026276963437706e-02 5.590931766302752182e-02 8.051544967669005404e-02 8.708795167048821728e-02
6.333088712435002224e-03 4.311196640256483026e-02 4.994873517419762265e-02 6.213750371429253849e-02 6.263479192037228749e-02
1.566704633124690535e-02 2.791836723602006409e-02 2.900155836224515074e-02 2.719542413366475564e-02 1.727318016461806133e-02
4.159808394017983080e-02 5.793482288031043953e-02 6.444477476021301388e-02 7.334040922389407913e-02 nan
1.252780318229824823e-02 5.583243968165280818e-02 8.518830680075129003e-02 1.200407535033765349e-01 5.346415926025568227e-02
4.194934433934212614e-01 3.556583771946192352e-01 3.811544113239830889e-01 4.373105383935581014e-01 2.261547421056790408e-01
2.397340347384945697e-02 8.099253331900939379e-02 1.087939955462679381e-01 1.390500859573011172e-01 1.587285602451709021e-01
6.166380292047347195e-03 1.870932328850192020e-02 2.294136820947038219e-02 2.898285321422439803e-02 2.646407241685296702e-02
2.084412868395955562e-02 4.507334833112049827e-02 5.527759403849412390e-02 5.557479102005653121e-02 5.803692923327088277e-02
1.104710377838112080e-02 5.656584648731850795e-02 5.762196862775591927e-02 7.041625422906072629e-02 5.070106763325372967e-02
1.053381997362783269e-02 2.603848944347007116e-02 4.540185473911603764e-02 5.378901967411924001e-02 6.066971532307340736e-02
