1.498629408676793219e-04 3.671624195391908017e-04 5.044983800917287415e-04 5.201262494830816412e-04 2.853975644190469329e-04
3.442369217951788047e-04 5.849051992996259948e-04 7.632827564889557888e-04 8.449346490841951225e-04 4.250106072552561421e-04
2.569271430508989276e-04 3.876807622700300846e-04 4.165559939374611836e-04 4.555907568227073891e-04 2.852846000297496430e-04
5.997767542206667137e-04 1.305290728964730992e-03 1.604452617899509255e-03 1.683541864684307649e-03 7.935582961877148513e-04
5.185405850179212106e-04 8.125384073103719728e-04 1.039307816986026521e-03 1.161594882846665733e-03 6.436574545779883772e-04
5.875987135428647080e-04 1.151237725748966833e-03 1.919250030464154586e-03 2.232541791132455333e-03 1.106829900316409895e-03
3.440966673339069994e-04 5.595177413553155052e-04 6.927133943097715406e-04 6.995390261498066024e-04 4.187230006005673074e-04
1.097664340037177356e-04 4.174680646379046699e-04 7.563056770170709618e-04 6.769204954805273927e-04 2.872563900522328109e-04
2.542342167098499270e-04 4.593616429925075268e-04 6.244804491135694247e-04 6.445740834718571106e-04 3.854562544629128759e-04
nan 6.176299776736027388e-04 1.238782208686162222e-03 1.281639358399375714e-03 8.592828999722266830e-04
4.712669846309624545e-04 7.919971305111843385e-04 1.202780240915983859e-03 1.367779345092172026e-03 7.989368841960518613e-04
2.300576135086661886e-04 4.490698758831819211e-04 7.090344066320732703e-04 7.318490768254443547e-04 3.485497965179081893e-04
1.951958532480933047e-04 5.819771432908757078e-04 7.973393630222820388e-04 8.427533889736205791e-04 3.349938244219652209e-04
2.122876029439150331e-04 3.343450774726520981e-04 4.467920815532289060e-04 5.075153065960236838e-04 2.404271012356155738e-04
5.304403468458730373e-05 3.172313266206737165e-04 4.486598820988297589e-04 4.555092141005576416e-04 2.536698853698535899e-04
nan 1.286900087656695218e-04 1.882881621240366048e-04 3.240187618703264027e-04 1.766265963168280962e-04
2.641306052773793856e-04 4.046592527002199915e-04 5.569944706180532086e-04 5.977860735001489997e-04 3.701604211234597462e-04
2.970685337423909379e-04 6.579432347116439183e-04 1.027237165378987269e-03 1.148228926371101842e-03 4.983328802574266136e-04
nan 4.994445608525996437e-04 6.457425566490617363e-04 6.854437297889953923e-04 3.148257417207034879e-04
4.756568190015336120e-04 7.759720471042135317e-04 1.021906797801205250e-03 1.093057083023804988e-03 6.603453336180000952e-04
2.872051529802938097e-04 5.425399350047026541e-04 7.703083526259994025e-04 9.549748690233666494e-04 4.235253335876296415e-04
2.787384140432653309e-04 5.781920467311381069e-04 7.610026330336660573e-04 7.775189629266746408e-04 3.780969410049888485e-04
4.219920569356186489e-04 7.242314182873715216e-04 8.855677788339285294e-04 1.006987693587251204e-03 5.285287941612971680e-04
2.143489430072837256e-04 4.012799463212918271e-04 7.034517547794618157e-04 7.767685136913567590e-04 4.005835965599157614e-04
3.859232746121185652e-04 7.172754311340715514e-04 1.012597875368969214e-03 1.058150453656605877e-03 5.715504771927529650e-04
2.893355731096377572e-04 4.650977306573899337e-04 6.908423419841226579e-04 7.805201186652195111e-04 5.260063555923510069e-04
nan 4.979288106874477484e-04 6.758782502349883117e-04 7.888211158857812112e-04 3.433915449887343907e-04
1.813795430053847287e-04 4.979001087612414545e-04 6.939520587226300158e-04 8.292028223490761170e-04 nan
nan 2.709702152625664958e-04 4.999404018669814653e-04 5.054849643215238381e-04 2.191015401904013366e-04
3.215353749568805033e-04 3.933693421606933001e-04 4.440477696890853475e-04 4.970486212024350205e-04 3.787210024411163142e-04
1.074705335308165447e-04 1.745250753717396928e-04 1.975882164484451110e-04 2.001221757127721651e-04 1.513283757794516352e-04
2.999027203423953276e-04 6.683312584301155049e-04 9.065483890429497328e-04 9.076374159886593015e-04 4.431985473915254527e-04
1.929987818204477619e-04 4.767509444477175838e-04 8.111201652415292538e-04 9.340295579049384591e-04 4.088380072521253508e-04
nan 2.927429982732256087e-04 3.692477961869218496e-04 4.791067130323041295e-04 2.610051392527687388e-04
2.154635050891513240e-04 6.212972541447967173e-04 9.823054169548464578e-04 1.153399781199265480e-03 5.066598553530593388e-04
1.912025654132292743e-04 4.803989985187067822e-04 7.429618381138950074e-04 8.817877961659842476e-04 3.348092442787543822e-04
1.405818815168269559e-04 3.408536631647358646e-04 4.637346789660464061e-04 5.518150749486712804e-04 2.369471472247680415e-04
3.510957385762062690e-04 9.373446565164251024e-04 1.375602134823726043e-03 1.350263645291640635e-03 4.973359868813317626e-04
nan 8.559731053816854729e-04 1.158714952683244067e-03 1.361753191203350080e-03 6.487931494970778507e-04
2.780099064704911311e-04 7.083896265791752873e-04 1.208211781279290228e-03 1.458554240926672203e-03 5.822219654841506980e-04
1.823283858490851519e-04 2.418865697984433675e-04 2.903259800796830154e-04 3.671950468748768205e-04 nan
2.149969270537138645e-04 3.492503701732996789e-04 5.267295922945290469e-04 6.083676897813015873e-04 3.651801051931893882e-04
3.012239943604260698e-04 6.358562731209931257e-04 7.188832371264697405e-04 7.303643253973260028e-04 3.709809094013074887e-04
1.809615516346294592e-04 4.792951271993245031e-04 6.987848698171407686e-04 8.225854922588077441e-04 2.658397649037078916e-04
3.476789522935378905e-04 6.028785791693090255e-04 8.710271240283226808e-04 9.618791789049855635e-04 6.099360631504754590e-04
2.186710018579913616e-04 3.058209536378874035e-04 4.275735880310302752e-04 4.713201926042752008e-04 3.276159644553885584e-04
2.711459851853472358e-04 7.407840442982624061e-04 9.710546931201792563e-04 1.013844760359085446e-03 5.688096371313559017e-04
3.707513410349599849e-04 1.066540023824509359e-03 1.614878661323966439e-03 1.883712217527145445e-03 8.667602742546351175e-04
2.576497528981450190e-04 4.224780239725419990e-04 5.127290379293167680e-04 5.883758658002417527e-04 3.541234136881537447e-04
2.165725694913621618e-04 4.801865407079295616e-04 7.626339021204576281e-04 7.935088627034255762e-04 4.354397718891263769e-04
1.946419408547475269e-04 4.386125881070588825e-04 6.541621829910771683e-04 8.350900489484036279e-04 3.364923206563695968e-04
1.139179781641559973e-04 4.949167659016713789e-04 6.044487519908189497e-04 6.421183543791860512e-04 4.087657991847108208e-04
2.088470606778660397e-04 2.901107618964317400e-04 3.440936548727664343e-04 3.577080520353449300e-04 2.411583714555394476e-04
9.224625898303483054e-05 1.536875845308155496e-04 1.836168639991868638e-04 2.088461414829877866e-04 1.293689309786676502e-04
1.389762051941282283e-04 3.140085709119518347e-04 5.012064944990802726e-04 6.160067163056232118e-04 2.927116337825054503e-04
2.346054429381376190e-04 5.646740243574694187e-04 1.026013325244926793e-03 1.136223852436878037e-03 5.712331163262959104e-04
1.845618609568010205e-04 4.699342783140981442e-04 7.904282834776447074e-04 8.733325734197948213e-04 4.111383218727586637e-04
2.353955285468394931e-04 5.243749476038088745e-04 8.077348570503444869e-04 9.762395205442204148e-04 4.297782950065043230e-04
1.885193053045221170e-04 5.367874920277278554e-04 9.927781612875689540e-04 1.132005819440586730e-03 4.195293740859696945e-04
3.353247590996950118e-04 8.366691203095897190e-04 1.429317752036401512e-03 1.563118004985598365e-03 nan
2.473530765636669342e-04 8.054178990679881391e-04 1.331638101481562309e-03 1.781816021965378386e-03 8.313969929340925659e-04
1.230048006633991775e-04 3.212739628492871833e-04 4.283007823991699225e-04 5.389909919941764061e-04 nan
9.402904011007752179e-05 1.841286996101684998e-04 2.318854563847758707e-04 2.509426115093126800e-04 1.672440396441292744e-04
5.445152710257663778e-05 5.174838697864674649e-04 7.315703070929232112e-04 8.065466134107590352e-04 3.978583234351202778e-04
2.274859522420414118e-04 4.906174171756745887e-04 6.953851419289278904e-04 7.954468946254107534e-04 3.779710363779630370e-04
1.855324498815281878e-04 2.663856828584483397e-04 3.036996554086836449e-04 3.194542284628840764e-04 2.232717311772768574e-04
2.099000649523116832e-04 4.620968239161150773e-04 7.348803958795692903e-04 9.049912755070507221e-04 4.728330451502769948e-04
3.051434144586691148e-04 8.283237029923180622e-04 1.498689343419576294e-03 1.679155745736705995e-03 6.297739156630432480e-04
2.319701299049184093e-04 5.873091248145888375e-04 7.984574405890972450e-04 1.001114366358450735e-03 4.246384524721319421e-04
1.613218587189491884e-04 4.820774736042027567e-04 9.467571232909180587e-04 9.845777934538591913e-04 3.718737180355803163e-04
1.326167378669060358e-04 3.550895512593165706e-04 6.198920058058642870e-04 6.877704735141164632e-04 2.762491835102141901e-04
2.581064787280354833e-04 3.931950801116457705e-04 4.485675558888133638e-04 5.256726230185491087e-04 2.525692654560870846e-04
3.182050697578970569e-04 7.546328083775213696e-04 1.056639643779084571e-03 1.206840888278963445e-03 4.990843665872747581e-04
1.805131573476620379e-04 3.491996226568487853e-04 5.143794528984510853e-04 5.857584233037407178e-04 2.797477478739884360e-04
1.408544438766060069e-04 1.738195976767706210e-04 2.993289022549214013e-04 2.904594774508863003e-04 1.629984365827773631e-04
1.657954417730793481e-04 2.961787504096101246e-04 3.684444453690129346e-04 3.576082746717520675e-04 1.719348669186726965e-04
2.538200825291711928e-04 3.637725425437814391e-04 5.249263609884874697e-04 6.719740144855708246e-04 3.753393491162604562e-04
3.514964663137178612e-04 7.331224612783834426e-04 9.433865361763273463e-04 1.170043995736767296e-03 6.232230967313571969e-04
7.382129173515596500e-04 1.342913429818920956e-03 1.735431340459050445e-03 1.832281121387745399e-03 9.678538304431353375e-04
nan 7.346245352903824598e-04 1.070893467004656579e-03 1.140311454067112875e-03 5.325339531960424609e-04
3.632964288566877778e-04 6.997222680243450751e-04 1.118006772152192393e-03 1.124532865418581334e-03 6.057106215283652052e-04
1.244114217400717919e-04 3.328195934062251854e-04 5.326814213122008567e-04 6.064525826085663714e-04 2.681860341741174308e-04
nan 4.314475144336557804e-04 6.155426864531402713e-04 6.121612751531073935e-04 3.976719674486329723e-04
3.604218914931239890e-04 5.998446227753007152e-04 7.117583833760425527e-04 8.102518140910038155e-04 5.469994610623278011e-04
1.609110959418168468e-04 3.931523255118209137e-04 5.070527862233538061e-04 6.129479847001797653e-04 3.089405813903574132e-04
1.170407761754275371e-04 2.394064489238726084e-04 2.505753833114321340e-04 2.515438476151246410e-04 1.541314670289148684e-04
1.571254742011683606e-04 5.289198831690589174e-04 7.146717809097597645e-04 7.932172156165391954e-04 nan
3.286501699827264547e-04 5.306534409123544408e-04 6.642601656908957500e-04 7.223191138187102286e-04 4.432955496892853177e-04
2.105402514489465061e-03 3.811933972250273334e-03 4.555248649318385974e-03 4.922035377628749403e-03 1.913045147663468845e-03
2.593622473972760200e-04 5.709532216945854529e-04 9.936455644009036491e-04 1.096274912019458815e-03 5.987907076094541904e-04
1.559934552307958987e-04 2.948513790449968329e-04 3.642539422647137750e-04 4.485567597123788549e-04 2.434148346826861520e-04
3.271396493543869384e-04 5.998296638033899335e-04 1.144333654443803602e-03 1.308233111909588809e-03 7.284717303157862110e-04
2.487031827263443302e-04 5.110075852174739358e-04 7.204698111182293889e-04 8.645409368543994100e-04 4.617526126709371563e-04
1.763898388278941297e-04 2.918253365703068949e-04 4.102341335825689865e-04 3.971376020641450015e-04 2.681679714483391251e-04
